,Deaths,Cases,Total Deaths,Date,7 day average
0,0,0,0,02/29/2020,0.0
1,0,0,0,03/01/2020,0.0
2,0,0,0,03/02/2020,0.0
3,0,0,0,03/03/2020,0.0
4,0,1,0,03/04/2020,0.5
5,0,3,0,03/05/2020,0.5
6,0,1,0,03/06/2020,0.7142857142857143
7,0,2,0,03/07/2020,1.0
8,0,5,0,03/08/2020,1.7142857142857142
9,0,16,0,03/09/2020,4.0
10,0,11,0,03/10/2020,5.571428571428571
11,0,31,0,03/11/2020,9.857142857142858
12,0,96,0,03/12/2020,23.142857142857142
13,0,167,0,03/13/2020,46.857142857142854
14,1,164,1,03/14/2020,70.0
15,0,433,1,03/15/2020,131.14285714285714
16,1,740,2,03/16/2020,234.57142857142858
17,4,785,6,03/17/2020,345.14285714285717
18,6,967,12,03/18/2020,478.85714285714283
19,6,1204,18,03/19/2020,637.1428571428571
20,11,1138,29,03/20/2020,775.8571428571429
21,12,555,41,03/21/2020,831.7142857142857
22,10,756,51,03/22/2020,877.8571428571429
23,27,909,78,03/23/2020,902.0
24,23,1212,101,03/24/2020,963.0
25,36,1240,137,03/25/2020,1002.0
26,50,1377,187,03/26/2020,1026.7142857142858
27,75,1434,262,03/27/2020,1069.0
28,78,862,340,03/28/2020,1112.857142857143
29,90,1147,430,03/29/2020,1168.7142857142858
30,106,1760,536,03/30/2020,1290.2857142857142
31,126,1519,662,03/31/2020,1334.142857142857
32,135,1609,797,04/01/2020,1386.857142857143
33,168,1643,965,04/02/2020,1424.857142857143
34,141,1448,1106,04/03/2020,1426.857142857143
35,163,923,1269,04/04/2020,1435.5714285714287
36,167,1151,1436,04/05/2020,1436.142857142857
37,169,1498,1605,04/06/2020,1398.7142857142858
38,179,1421,1784,04/07/2020,1384.7142857142858
39,173,1325,1957,04/08/2020,1344.142857142857
40,190,1373,2147,04/09/2020,1305.5714285714287
41,178,1158,2325,04/10/2020,1264.142857142857
42,160,1130,2485,04/11/2020,1293.7142857142858
43,200,701,2685,04/12/2020,1229.4285714285713
44,159,1065,2844,04/13/2020,1167.5714285714287
45,153,1037,2997,04/14/2020,1112.7142857142858
46,131,883,3128,04/15/2020,1049.5714285714287
47,126,885,3254,04/16/2020,979.8571428571429
48,118,959,3372,04/17/2020,951.4285714285714
49,116,574,3488,04/18/2020,872.0
50,118,636,3606,04/19/2020,862.7142857142857
51,95,982,3701,04/20/2020,850.8571428571429
52,91,900,3792,04/21/2020,831.2857142857143
53,108,853,3900,04/22/2020,827.0
54,106,791,4006,04/23/2020,813.5714285714286
55,93,630,4099,04/24/2020,766.5714285714286
56,76,404,4175,04/25/2020,742.2857142857143
57,61,332,4236,04/26/2020,698.8571428571429
58,88,610,4324,04/27/2020,645.7142857142857
59,57,715,4381,04/28/2020,619.2857142857143
60,72,682,4453,04/29/2020,594.8571428571429
61,66,600,4519,04/30/2020,567.5714285714286
62,55,498,4574,05/01/2020,548.7142857142857
63,46,264,4620,05/02/2020,528.7142857142857
64,46,248,4666,05/03/2020,516.7142857142857
65,42,462,4708,05/04/2020,495.57142857142856
66,49,434,4757,05/05/2020,455.42857142857144
67,38,452,4795,05/06/2020,422.57142857142856
68,45,402,4840,05/07/2020,394.2857142857143
69,43,344,4883,05/08/2020,372.2857142857143
70,28,119,4911,05/09/2020,351.57142857142856
71,26,188,4937,05/10/2020,343.0
72,32,410,4969,05/11/2020,335.57142857142856
73,33,400,5002,05/12/2020,330.7142857142857
74,23,363,5025,05/13/2020,318.0
75,14,332,5039,05/14/2020,308.0
76,26,259,5065,05/15/2020,295.85714285714283
77,24,165,5089,05/16/2020,302.42857142857144
78,19,137,5108,05/17/2020,295.14285714285717
79,16,268,5124,05/18/2020,274.85714285714283
80,16,329,5140,05/19/2020,264.7142857142857
81,21,327,5161,05/20/2020,259.57142857142856
82,15,345,5176,05/21/2020,261.42857142857144
83,15,386,5191,05/22/2020,279.57142857142856
84,20,163,5211,05/23/2020,279.2857142857143
85,12,179,5223,05/24/2020,285.2857142857143
86,14,175,5237,05/25/2020,272.0
87,11,339,5248,05/26/2020,273.42857142857144
88,11,254,5259,05/27/2020,263.0
89,12,226,5271,05/28/2020,246.0
90,16,171,5287,05/29/2020,215.28571428571428
91,11,112,5298,05/30/2020,208.0
92,11,80,5309,05/31/2020,193.85714285714286
93,10,252,5319,06/01/2020,204.85714285714286
94,6,190,5325,06/02/2020,183.57142857142858
95,13,137,5338,06/03/2020,166.85714285714286
96,10,129,5348,06/04/2020,153.0
97,6,132,5354,06/05/2020,147.42857142857142
98,10,59,5364,06/06/2020,139.85714285714286
99,5,53,5369,06/07/2020,136.0
100,13,111,5382,06/08/2020,115.85714285714286
101,6,124,5388,06/09/2020,106.42857142857143
102,11,98,5399,06/10/2020,100.85714285714286
103,4,117,5403,06/11/2020,99.14285714285714
104,6,122,5409,06/12/2020,97.71428571428571
105,4,52,5413,06/13/2020,96.71428571428571
106,7,53,5420,06/14/2020,96.71428571428571
107,4,102,5424,06/15/2020,95.42857142857143
108,5,133,5429,06/16/2020,96.71428571428571
109,7,111,5436,06/17/2020,98.57142857142857
110,4,114,5440,06/18/2020,98.14285714285714
111,3,90,5443,06/19/2020,93.57142857142857
112,4,46,5447,06/20/2020,92.71428571428571
113,6,52,5453,06/21/2020,92.57142857142857
114,7,110,5460,06/22/2020,93.71428571428571
115,9,96,5469,06/23/2020,88.42857142857143
116,11,101,5480,06/24/2020,87.0
117,5,82,5485,06/25/2020,82.42857142857143
118,3,94,5488,06/26/2020,83.0
119,11,69,5499,06/27/2020,86.28571428571429
120,1,58,5500,06/28/2020,87.14285714285714
121,5,127,5505,06/29/2020,89.57142857142857
122,5,133,5510,06/30/2020,94.85714285714286
123,5,120,5515,07/01/2020,97.57142857142857
124,4,131,5519,07/02/2020,104.57142857142857
125,6,72,5525,07/03/2020,101.42857142857143
126,6,23,5531,07/04/2020,94.85714285714286
127,5,55,5536,07/05/2020,94.42857142857143
128,4,143,5540,07/06/2020,96.71428571428571
129,4,123,5544,07/07/2020,95.28571428571429
130,5,123,5549,07/08/2020,95.71428571428571
131,4,105,5553,07/09/2020,92.0
132,3,91,5556,07/10/2020,94.71428571428571
133,2,73,5558,07/11/2020,101.85714285714286
134,4,56,5562,07/12/2020,102.0
135,2,123,5564,07/13/2020,99.14285714285714
136,4,110,5568,07/14/2020,97.28571428571429
137,2,150,5570,07/15/2020,101.14285714285714
138,3,91,5573,07/16/2020,99.14285714285714
139,0,103,5573,07/17/2020,100.85714285714286
140,5,58,5578,07/18/2020,98.71428571428571
141,3,39,5581,07/19/2020,96.28571428571429
142,4,85,5585,07/20/2020,90.85714285714286
143,5,79,5590,07/21/2020,86.42857142857143
144,1,95,5591,07/22/2020,78.57142857142857
145,5,84,5596,07/23/2020,77.57142857142857
146,2,67,5598,07/24/2020,72.42857142857143
147,2,35,5600,07/25/2020,69.14285714285714
148,4,40,5604,07/26/2020,69.28571428571429
149,2,84,5606,07/27/2020,69.14285714285714
150,1,105,5607,07/28/2020,72.85714285714286
151,1,72,5608,07/29/2020,69.57142857142857
152,2,95,5610,07/30/2020,71.14285714285714
153,1,79,5611,07/31/2020,72.85714285714286
154,3,54,5614,08/01/2020,75.57142857142857
155,2,40,5616,08/02/2020,75.57142857142857
156,0,95,5616,08/03/2020,77.14285714285714
157,2,49,5618,08/04/2020,69.14285714285714
158,0,97,5618,08/05/2020,72.71428571428571
159,2,84,5620,08/06/2020,71.14285714285714
160,0,93,5620,08/07/2020,73.14285714285714
161,1,55,5621,08/08/2020,73.28571428571429
162,0,48,5621,08/09/2020,74.42857142857143
163,1,74,5622,08/10/2020,71.42857142857143
164,1,83,5623,08/11/2020,76.28571428571429
165,0,114,5623,08/12/2020,78.71428571428571
166,2,81,5625,08/13/2020,78.28571428571429
167,1,78,5626,08/14/2020,76.14285714285714
168,2,33,5628,08/15/2020,73.0
169,1,48,5629,08/16/2020,73.0
170,1,94,5630,08/17/2020,75.85714285714286
171,0,63,5630,08/18/2020,73.0
172,1,72,5631,08/19/2020,67.0
173,2,53,5633,08/20/2020,63.0
174,0,71,5633,08/21/2020,62.0
175,2,36,5635,08/22/2020,62.42857142857143
176,0,51,5635,08/23/2020,62.857142857142854
177,1,89,5636,08/24/2020,62.142857142857146
178,0,84,5636,08/25/2020,65.14285714285714
179,1,112,5637,08/26/2020,70.85714285714286
180,0,86,5637,08/27/2020,75.57142857142857
181,1,74,5638,08/28/2020,76.0
182,0,35,5638,08/29/2020,75.85714285714286
183,0,50,5638,08/30/2020,75.71428571428571
184,0,68,5638,08/31/2020,72.71428571428571
185,0,18,5638,09/01/2020,63.285714285714285
186,0,8,5638,09/02/2020,48.42857142857143
