,Deaths,Cases,Total Deaths,Date,7 day average
0,0,0,0,02/29/2020,0.0
1,0,0,0,03/01/2020,0.0
2,0,0,0,03/02/2020,0.0
3,0,0,0,03/03/2020,0.0
4,0,1,0,03/04/2020,0.5
5,0,3,0,03/05/2020,0.5
6,0,1,0,03/06/2020,0.7142857142857143
7,0,2,0,03/07/2020,1.0
8,0,5,0,03/08/2020,1.7142857142857142
9,0,16,0,03/09/2020,4.0
10,0,11,0,03/10/2020,5.571428571428571
11,0,31,0,03/11/2020,9.857142857142858
12,0,96,0,03/12/2020,23.142857142857142
13,0,166,0,03/13/2020,46.714285714285715
14,1,164,1,03/14/2020,69.85714285714286
15,0,433,1,03/15/2020,131.0
16,1,741,2,03/16/2020,234.57142857142858
17,4,785,6,03/17/2020,345.14285714285717
18,6,970,12,03/18/2020,479.2857142857143
19,6,1205,18,03/19/2020,637.7142857142857
20,11,1139,29,03/20/2020,776.7142857142857
21,12,555,41,03/21/2020,832.5714285714286
22,10,756,51,03/22/2020,878.7142857142857
23,27,908,78,03/23/2020,902.5714285714286
24,23,1212,101,03/24/2020,963.5714285714286
25,36,1245,137,03/25/2020,1002.8571428571429
26,50,1378,187,03/26/2020,1027.5714285714287
27,75,1431,262,03/27/2020,1069.2857142857142
28,78,863,340,03/28/2020,1113.2857142857142
29,90,1145,430,03/29/2020,1168.857142857143
30,106,1759,536,03/30/2020,1290.4285714285713
31,126,1521,662,03/31/2020,1334.5714285714287
32,137,1608,799,04/01/2020,1386.4285714285713
33,168,1642,967,04/02/2020,1424.142857142857
34,141,1448,1108,04/03/2020,1426.5714285714287
35,163,921,1271,04/04/2020,1434.857142857143
36,167,1150,1438,04/05/2020,1435.5714285714287
37,168,1500,1606,04/06/2020,1398.5714285714287
38,179,1417,1785,04/07/2020,1383.7142857142858
39,172,1323,1957,04/08/2020,1343.0
40,189,1369,2146,04/09/2020,1304.0
41,177,1154,2323,04/10/2020,1262.0
42,159,1131,2482,04/11/2020,1292.0
43,200,701,2682,04/12/2020,1227.857142857143
44,158,1065,2840,04/13/2020,1165.7142857142858
45,153,1037,2993,04/14/2020,1111.4285714285713
46,131,883,3124,04/15/2020,1048.5714285714287
47,126,883,3250,04/16/2020,979.1428571428571
48,117,959,3367,04/17/2020,951.2857142857143
49,117,575,3484,04/18/2020,871.8571428571429
50,118,636,3602,04/19/2020,862.5714285714286
51,96,983,3698,04/20/2020,850.8571428571429
52,91,900,3789,04/21/2020,831.2857142857143
53,108,853,3897,04/22/2020,827.0
54,106,792,4003,04/23/2020,814.0
55,93,629,4096,04/24/2020,766.8571428571429
56,76,404,4172,04/25/2020,742.4285714285714
57,61,332,4233,04/26/2020,699.0
58,89,609,4322,04/27/2020,645.5714285714286
59,57,715,4379,04/28/2020,619.1428571428571
60,72,682,4451,04/29/2020,594.7142857142857
61,66,600,4517,04/30/2020,567.2857142857143
62,55,497,4572,05/01/2020,548.4285714285714
63,46,264,4618,05/02/2020,528.4285714285714
64,46,248,4664,05/03/2020,516.4285714285714
65,42,463,4706,05/04/2020,495.57142857142856
66,49,434,4755,05/05/2020,455.42857142857144
67,38,452,4793,05/06/2020,422.57142857142856
68,45,401,4838,05/07/2020,394.14285714285717
69,43,349,4881,05/08/2020,373.0
70,28,122,4909,05/09/2020,352.7142857142857
71,26,191,4935,05/10/2020,344.57142857142856
72,32,410,4967,05/11/2020,337.0
73,33,400,5000,05/12/2020,332.14285714285717
74,22,364,5022,05/13/2020,319.57142857142856
75,14,333,5036,05/14/2020,309.85714285714283
76,26,260,5062,05/15/2020,297.14285714285717
77,24,165,5086,05/16/2020,303.2857142857143
78,19,138,5105,05/17/2020,295.7142857142857
79,15,270,5120,05/18/2020,275.7142857142857
80,16,331,5136,05/19/2020,265.85714285714283
81,21,326,5157,05/20/2020,260.42857142857144
82,15,345,5172,05/21/2020,262.14285714285717
83,14,387,5186,05/22/2020,280.2857142857143
84,20,163,5206,05/23/2020,280.0
85,12,178,5218,05/24/2020,285.7142857142857
86,14,174,5232,05/25/2020,272.0
87,11,339,5243,05/26/2020,273.14285714285717
88,11,260,5254,05/27/2020,263.7142857142857
89,12,226,5266,05/28/2020,246.71428571428572
90,16,173,5282,05/29/2020,216.14285714285714
91,11,110,5293,05/30/2020,208.57142857142858
92,11,81,5304,05/31/2020,194.71428571428572
93,10,253,5314,06/01/2020,206.0
94,6,199,5320,06/02/2020,186.0
95,13,145,5333,06/03/2020,169.57142857142858
96,10,143,5343,06/04/2020,157.71428571428572
97,6,132,5349,06/05/2020,151.85714285714286
98,10,60,5359,06/06/2020,144.71428571428572
99,5,54,5364,06/07/2020,140.85714285714286
100,13,113,5377,06/08/2020,120.85714285714286
101,7,129,5384,06/09/2020,110.85714285714286
102,11,99,5395,06/10/2020,104.28571428571429
103,5,108,5400,06/11/2020,99.28571428571429
104,6,123,5406,06/12/2020,98.0
105,4,54,5410,06/13/2020,97.14285714285714
106,6,55,5416,06/14/2020,97.28571428571429
107,4,111,5420,06/15/2020,97.0
108,5,135,5425,06/16/2020,97.85714285714286
109,7,108,5432,06/17/2020,99.14285714285714
110,4,112,5436,06/18/2020,99.71428571428571
111,3,90,5439,06/19/2020,95.0
112,4,46,5443,06/20/2020,93.85714285714286
113,6,51,5449,06/21/2020,93.28571428571429
114,7,109,5456,06/22/2020,93.0
115,9,95,5465,06/23/2020,87.28571428571429
116,11,100,5476,06/24/2020,86.14285714285714
117,6,82,5482,06/25/2020,81.85714285714286
118,4,93,5486,06/26/2020,82.28571428571429
119,11,66,5497,06/27/2020,85.14285714285714
120,1,58,5498,06/28/2020,86.14285714285714
121,5,126,5503,06/29/2020,88.57142857142857
122,5,135,5508,06/30/2020,94.28571428571429
123,5,119,5513,07/01/2020,97.0
124,4,120,5517,07/02/2020,102.42857142857143
125,6,61,5523,07/03/2020,97.85714285714286
126,6,22,5529,07/04/2020,91.57142857142857
127,5,50,5534,07/05/2020,90.42857142857143
128,6,111,5540,07/06/2020,88.28571428571429
129,4,86,5544,07/07/2020,81.28571428571429
130,5,83,5549,07/08/2020,76.14285714285714
131,2,67,5551,07/09/2020,68.57142857142857
132,2,67,5553,07/10/2020,69.42857142857143
133,2,46,5555,07/11/2020,72.85714285714286
134,4,26,5559,07/12/2020,69.42857142857143
135,2,63,5561,07/13/2020,62.57142857142857
136,2,30,5563,07/14/2020,54.57142857142857
137,0,7,5563,07/15/2020,43.714285714285715
