,Deaths,Cases,Total Deaths,Date,7 day average
0,0,0,0,02/29/2020,0.0
1,0,0,0,03/01/2020,0.0
2,0,0,0,03/02/2020,0.0
3,0,0,0,03/03/2020,0.0
4,0,1,0,03/04/2020,0.5
5,0,3,0,03/05/2020,0.5
6,0,1,0,03/06/2020,0.7142857142857143
7,0,2,0,03/07/2020,1.0
8,0,5,0,03/08/2020,1.7142857142857142
9,0,16,0,03/09/2020,4.0
10,0,11,0,03/10/2020,5.571428571428571
11,0,31,0,03/11/2020,9.857142857142858
12,0,96,0,03/12/2020,23.142857142857142
13,0,167,0,03/13/2020,46.857142857142854
14,1,163,1,03/14/2020,69.85714285714286
15,0,433,1,03/15/2020,131.0
16,1,740,2,03/16/2020,234.42857142857142
17,4,784,6,03/17/2020,344.85714285714283
18,6,967,12,03/18/2020,478.57142857142856
19,6,1204,18,03/19/2020,636.8571428571429
20,11,1138,29,03/20/2020,775.5714285714286
21,12,555,41,03/21/2020,831.5714285714286
22,10,755,51,03/22/2020,877.5714285714286
23,27,910,78,03/23/2020,901.8571428571429
24,23,1214,101,03/24/2020,963.2857142857143
25,36,1251,137,03/25/2020,1003.8571428571429
26,50,1377,187,03/26/2020,1028.5714285714287
27,75,1429,262,03/27/2020,1070.142857142857
28,78,862,340,03/28/2020,1114.0
29,90,1147,430,03/29/2020,1170.0
30,106,1761,536,03/30/2020,1291.5714285714287
31,126,1519,662,03/31/2020,1335.142857142857
32,135,1603,797,04/01/2020,1385.4285714285713
33,169,1635,966,04/02/2020,1422.2857142857142
34,142,1448,1108,04/03/2020,1425.0
35,162,922,1270,04/04/2020,1433.5714285714287
36,167,1151,1437,04/05/2020,1434.142857142857
37,169,1495,1606,04/06/2020,1396.142857142857
38,179,1419,1785,04/07/2020,1381.857142857143
39,173,1323,1958,04/08/2020,1341.857142857143
40,190,1372,2148,04/09/2020,1304.2857142857142
41,178,1158,2326,04/10/2020,1262.857142857143
42,160,1130,2486,04/11/2020,1292.5714285714287
43,200,701,2686,04/12/2020,1228.2857142857142
44,159,1065,2845,04/13/2020,1166.857142857143
45,152,1037,2997,04/14/2020,1112.2857142857142
46,132,883,3129,04/15/2020,1049.4285714285713
47,126,885,3255,04/16/2020,979.8571428571429
48,118,959,3373,04/17/2020,951.4285714285714
49,116,574,3489,04/18/2020,872.0
50,118,636,3607,04/19/2020,862.7142857142857
51,95,982,3702,04/20/2020,850.8571428571429
52,92,900,3794,04/21/2020,831.2857142857143
53,108,853,3902,04/22/2020,827.0
54,106,791,4008,04/23/2020,813.5714285714286
55,93,630,4101,04/24/2020,766.5714285714286
56,76,404,4177,04/25/2020,742.2857142857143
57,61,332,4238,04/26/2020,698.8571428571429
58,88,610,4326,04/27/2020,645.7142857142857
59,57,715,4383,04/28/2020,619.2857142857143
60,72,682,4455,04/29/2020,594.8571428571429
61,66,600,4521,04/30/2020,567.5714285714286
62,55,498,4576,05/01/2020,548.7142857142857
63,46,264,4622,05/02/2020,528.7142857142857
64,46,248,4668,05/03/2020,516.7142857142857
65,42,462,4710,05/04/2020,495.57142857142856
66,49,434,4759,05/05/2020,455.42857142857144
67,38,452,4797,05/06/2020,422.57142857142856
68,45,402,4842,05/07/2020,394.2857142857143
69,43,344,4885,05/08/2020,372.2857142857143
70,28,119,4913,05/09/2020,351.57142857142856
71,26,188,4939,05/10/2020,343.0
72,32,410,4971,05/11/2020,335.57142857142856
73,33,400,5004,05/12/2020,330.7142857142857
74,23,363,5027,05/13/2020,318.0
75,14,332,5041,05/14/2020,308.0
76,26,259,5067,05/15/2020,295.85714285714283
77,24,165,5091,05/16/2020,302.42857142857144
78,19,137,5110,05/17/2020,295.14285714285717
79,17,268,5127,05/18/2020,274.85714285714283
80,16,329,5143,05/19/2020,264.7142857142857
81,21,333,5164,05/20/2020,260.42857142857144
82,15,345,5179,05/21/2020,262.2857142857143
83,15,385,5194,05/22/2020,280.2857142857143
84,20,160,5214,05/23/2020,279.57142857142856
85,12,178,5226,05/24/2020,285.42857142857144
86,14,175,5240,05/25/2020,272.14285714285717
87,11,338,5251,05/26/2020,273.42857142857144
88,11,253,5262,05/27/2020,262.0
89,12,227,5274,05/28/2020,245.14285714285714
90,16,173,5290,05/29/2020,214.85714285714286
91,11,112,5301,05/30/2020,208.0
92,11,88,5312,05/31/2020,195.14285714285714
93,10,253,5322,06/01/2020,206.28571428571428
94,6,190,5328,06/02/2020,185.14285714285714
95,13,136,5341,06/03/2020,168.42857142857142
96,10,133,5351,06/04/2020,155.0
97,6,132,5357,06/05/2020,149.14285714285714
98,10,59,5367,06/06/2020,141.57142857142858
99,6,53,5373,06/07/2020,136.57142857142858
100,13,112,5386,06/08/2020,116.42857142857143
101,6,124,5392,06/09/2020,107.0
102,11,98,5403,06/10/2020,101.57142857142857
103,4,114,5407,06/11/2020,98.85714285714286
104,6,122,5413,06/12/2020,97.42857142857143
105,4,52,5417,06/13/2020,96.42857142857143
106,7,53,5424,06/14/2020,96.42857142857143
107,4,102,5428,06/15/2020,95.0
108,5,131,5433,06/16/2020,96.0
109,7,111,5440,06/17/2020,97.85714285714286
110,4,113,5444,06/18/2020,97.71428571428571
111,3,90,5447,06/19/2020,93.14285714285714
112,4,46,5451,06/20/2020,92.28571428571429
113,6,52,5457,06/21/2020,92.14285714285714
114,7,110,5464,06/22/2020,93.28571428571429
115,9,96,5473,06/23/2020,88.28571428571429
116,11,101,5484,06/24/2020,86.85714285714286
117,5,82,5489,06/25/2020,82.42857142857143
118,3,94,5492,06/26/2020,83.0
119,11,69,5503,06/27/2020,86.28571428571429
120,1,58,5504,06/28/2020,87.14285714285714
121,5,127,5509,06/29/2020,89.57142857142857
122,5,133,5514,06/30/2020,94.85714285714286
123,5,120,5519,07/01/2020,97.57142857142857
124,4,130,5523,07/02/2020,104.42857142857143
125,6,72,5529,07/03/2020,101.28571428571429
126,6,23,5535,07/04/2020,94.71428571428571
127,5,54,5540,07/05/2020,94.14285714285714
128,4,143,5544,07/06/2020,96.42857142857143
129,4,123,5548,07/07/2020,95.0
130,5,122,5553,07/08/2020,95.28571428571429
131,4,105,5557,07/09/2020,91.71428571428571
132,3,91,5560,07/10/2020,94.42857142857143
133,2,73,5562,07/11/2020,101.57142857142857
134,4,56,5566,07/12/2020,101.85714285714286
135,2,123,5568,07/13/2020,99.0
136,4,110,5572,07/14/2020,97.14285714285714
137,2,150,5574,07/15/2020,101.14285714285714
138,3,91,5577,07/16/2020,99.14285714285714
139,0,103,5577,07/17/2020,100.85714285714286
140,5,58,5582,07/18/2020,98.71428571428571
141,3,39,5585,07/19/2020,96.28571428571429
142,4,85,5589,07/20/2020,90.85714285714286
143,5,79,5594,07/21/2020,86.42857142857143
144,1,95,5595,07/22/2020,78.57142857142857
145,5,84,5600,07/23/2020,77.57142857142857
146,2,67,5602,07/24/2020,72.42857142857143
147,2,35,5604,07/25/2020,69.14285714285714
148,4,40,5608,07/26/2020,69.28571428571429
149,2,84,5610,07/27/2020,69.14285714285714
150,1,105,5611,07/28/2020,72.85714285714286
151,1,72,5612,07/29/2020,69.57142857142857
152,2,95,5614,07/30/2020,71.14285714285714
153,1,80,5615,07/31/2020,73.0
154,3,55,5618,08/01/2020,75.85714285714286
155,2,40,5620,08/02/2020,75.85714285714286
156,0,95,5620,08/03/2020,77.42857142857143
157,2,49,5622,08/04/2020,69.42857142857143
158,0,97,5622,08/05/2020,73.0
159,2,84,5624,08/06/2020,71.42857142857143
160,0,94,5624,08/07/2020,73.42857142857143
161,1,55,5625,08/08/2020,73.42857142857143
162,0,48,5625,08/09/2020,74.57142857142857
163,1,73,5626,08/10/2020,71.42857142857143
164,1,83,5627,08/11/2020,76.28571428571429
165,0,114,5627,08/12/2020,78.71428571428571
166,2,81,5629,08/13/2020,78.28571428571429
167,1,78,5630,08/14/2020,76.0
168,2,33,5632,08/15/2020,72.85714285714286
169,1,48,5633,08/16/2020,72.85714285714286
170,1,94,5634,08/17/2020,75.85714285714286
171,0,64,5634,08/18/2020,73.14285714285714
172,1,72,5635,08/19/2020,67.14285714285714
173,3,54,5638,08/20/2020,63.285714285714285
174,0,72,5638,08/21/2020,62.42857142857143
175,2,36,5640,08/22/2020,62.857142857142854
176,0,56,5640,08/23/2020,64.0
177,1,86,5641,08/24/2020,62.857142857142854
178,2,83,5643,08/25/2020,65.57142857142857
179,1,112,5644,08/26/2020,71.28571428571429
180,0,89,5644,08/27/2020,76.28571428571429
181,1,79,5645,08/28/2020,77.28571428571429
182,1,36,5646,08/29/2020,77.28571428571429
183,2,55,5648,08/30/2020,77.14285714285714
184,0,109,5648,08/31/2020,80.42857142857143
185,0,86,5648,09/01/2020,80.85714285714286
186,2,93,5650,09/02/2020,78.14285714285714
187,1,88,5651,09/03/2020,78.0
188,1,61,5652,09/04/2020,75.42857142857143
189,2,38,5654,09/05/2020,75.71428571428571
190,2,60,5656,09/06/2020,76.42857142857143
191,0,46,5656,09/07/2020,67.42857142857143
192,0,52,5656,09/08/2020,62.57142857142857
193,0,19,5656,09/09/2020,52.0
194,0,2,5656,09/10/2020,39.714285714285715
