,Unnamed: 0,Deaths,Cases,Total Deaths,Date,7 day average
0,0,0,0,0,02/29/2020,0.0
1,1,0,0,0,03/01/2020,0.0
2,2,0,0,0,03/02/2020,0.0
3,3,0,0,0,03/03/2020,0.0
4,4,0,1,0,03/04/2020,0.5
5,5,0,3,0,03/05/2020,0.5
6,6,0,1,0,03/06/2020,0.7142857142857143
7,7,0,2,0,03/07/2020,1.0
8,8,0,5,0,03/08/2020,1.7142857142857142
9,9,0,16,0,03/09/2020,4.0
10,10,0,11,0,03/10/2020,5.571428571428571
11,11,0,31,0,03/11/2020,9.857142857142858
12,12,0,96,0,03/12/2020,23.142857142857146
13,13,0,166,0,03/13/2020,46.714285714285715
14,14,1,163,1,03/14/2020,69.71428571428571
15,15,0,433,1,03/15/2020,130.85714285714286
16,16,1,740,2,03/16/2020,234.28571428571428
17,17,4,783,6,03/17/2020,344.57142857142856
18,18,6,966,12,03/18/2020,478.1428571428572
19,19,6,1204,18,03/19/2020,636.4285714285714
20,20,11,1137,29,03/20/2020,775.1428571428571
21,21,12,554,41,03/21/2020,831.0
22,22,10,755,51,03/22/2020,877.0
23,23,27,910,78,03/23/2020,901.2857142857144
24,24,23,1212,101,03/24/2020,962.5714285714287
25,25,37,1254,138,03/25/2020,1003.7142857142856
26,26,50,1375,188,03/26/2020,1028.142857142857
27,27,75,1423,263,03/27/2020,1069.0
28,28,78,864,341,03/28/2020,1113.2857142857142
29,29,89,1149,430,03/29/2020,1169.5714285714287
30,30,106,1754,536,03/30/2020,1290.142857142857
31,31,126,1513,662,03/31/2020,1333.142857142857
32,32,135,1589,797,04/01/2020,1381.0
33,33,170,1613,967,04/02/2020,1415.0
34,34,142,1441,1109,04/03/2020,1417.571428571429
35,35,163,922,1272,04/04/2020,1425.857142857143
36,36,166,1141,1438,04/05/2020,1424.7142857142858
37,37,169,1462,1607,04/06/2020,1383.0
38,38,181,1395,1788,04/07/2020,1366.142857142857
39,39,172,1310,1960,04/08/2020,1326.2857142857142
40,40,189,1369,2149,04/09/2020,1291.4285714285713
41,41,178,1153,2327,04/10/2020,1250.2857142857142
42,42,159,1129,2486,04/11/2020,1279.857142857143
43,43,201,701,2687,04/12/2020,1217.0
44,44,158,1065,2845,04/13/2020,1160.2857142857142
45,45,151,1035,2996,04/14/2020,1108.857142857143
46,46,132,882,3128,04/15/2020,1047.7142857142858
47,47,126,884,3254,04/16/2020,978.4285714285713
48,48,118,959,3372,04/17/2020,950.7142857142856
49,49,116,575,3488,04/18/2020,871.5714285714287
50,50,118,635,3606,04/19/2020,862.1428571428571
51,51,95,983,3701,04/20/2020,850.4285714285713
52,52,92,896,3793,04/21/2020,830.5714285714287
53,53,107,854,3900,04/22/2020,826.5714285714287
54,54,106,785,4006,04/23/2020,812.4285714285713
55,55,93,629,4099,04/24/2020,765.2857142857142
56,56,76,405,4175,04/25/2020,741.0
57,57,61,332,4236,04/26/2020,697.7142857142858
58,58,88,608,4324,04/27/2020,644.1428571428571
59,59,57,711,4381,04/28/2020,617.7142857142858
60,60,71,681,4452,04/29/2020,593.0
61,61,65,600,4517,04/30/2020,566.5714285714286
62,62,56,497,4573,05/01/2020,547.7142857142857
63,63,45,263,4618,05/02/2020,527.4285714285714
64,64,45,247,4663,05/03/2020,515.2857142857143
65,65,42,462,4705,05/04/2020,494.4285714285714
66,66,49,433,4754,05/05/2020,454.71428571428567
67,67,38,450,4792,05/06/2020,421.71428571428567
68,68,46,403,4838,05/07/2020,393.57142857142856
69,69,43,344,4881,05/08/2020,371.71428571428567
70,70,28,119,4909,05/09/2020,351.1428571428572
71,71,26,188,4935,05/10/2020,342.7142857142857
72,72,33,410,4968,05/11/2020,335.2857142857143
73,73,33,400,5001,05/12/2020,330.57142857142856
74,74,23,362,5024,05/13/2020,318.0
75,75,14,334,5038,05/14/2020,308.14285714285717
76,76,27,259,5065,05/15/2020,296.0
77,77,24,165,5089,05/16/2020,302.57142857142856
78,78,19,137,5108,05/17/2020,295.2857142857143
79,79,17,266,5125,05/18/2020,274.7142857142857
80,80,16,328,5141,05/19/2020,264.42857142857144
81,81,21,323,5162,05/20/2020,258.85714285714283
82,82,15,336,5177,05/21/2020,259.14285714285717
83,83,15,350,5192,05/22/2020,272.14285714285717
84,84,20,143,5212,05/23/2020,269.0
85,85,12,161,5224,05/24/2020,272.42857142857144
86,86,14,160,5238,05/25/2020,257.2857142857143
87,87,12,319,5250,05/26/2020,256.0
88,88,11,246,5261,05/27/2020,245.0
89,89,12,221,5273,05/28/2020,228.57142857142856
90,90,16,167,5289,05/29/2020,202.42857142857144
91,91,10,105,5299,05/30/2020,197.0
92,92,11,84,5310,05/31/2020,186.0
93,93,10,252,5320,06/01/2020,199.14285714285717
94,94,6,184,5326,06/02/2020,179.85714285714286
95,95,13,133,5339,06/03/2020,163.71428571428572
96,96,10,130,5349,06/04/2020,150.71428571428572
97,97,6,132,5355,06/05/2020,145.71428571428572
98,98,10,59,5365,06/06/2020,139.14285714285714
99,99,6,52,5371,06/07/2020,134.57142857142858
100,100,13,112,5384,06/08/2020,114.57142857142857
101,101,6,121,5390,06/09/2020,105.57142857142857
102,102,11,97,5401,06/10/2020,100.42857142857143
103,103,4,113,5405,06/11/2020,98.0
104,104,6,123,5411,06/12/2020,96.71428571428572
105,105,4,52,5415,06/13/2020,95.71428571428572
106,106,6,53,5421,06/14/2020,95.85714285714286
107,107,4,102,5425,06/15/2020,94.42857142857143
108,108,5,133,5430,06/16/2020,96.14285714285714
109,109,6,114,5436,06/17/2020,98.57142857142857
110,110,4,112,5440,06/18/2020,98.42857142857143
111,111,3,91,5443,06/19/2020,93.85714285714286
112,112,3,46,5446,06/20/2020,93.0
113,113,6,54,5452,06/21/2020,93.14285714285714
114,114,5,110,5457,06/22/2020,94.28571428571428
115,115,5,95,5462,06/23/2020,88.85714285714286
116,116,6,101,5468,06/24/2020,87.0
117,117,4,82,5472,06/25/2020,82.71428571428571
118,118,3,94,5475,06/26/2020,83.14285714285714
119,119,7,70,5482,06/27/2020,86.57142857142857
120,120,1,58,5483,06/28/2020,87.14285714285714
121,121,3,127,5486,06/29/2020,89.57142857142857
122,122,2,128,5488,06/30/2020,94.28571428571428
123,123,3,120,5491,07/01/2020,97.0
124,124,3,127,5494,07/02/2020,103.42857142857143
125,125,3,72,5497,07/03/2020,100.28571428571428
126,126,3,23,5500,07/04/2020,93.57142857142857
127,127,3,53,5503,07/05/2020,92.85714285714286
128,128,2,142,5505,07/06/2020,95.0
129,129,2,123,5507,07/07/2020,94.28571428571428
130,130,3,121,5510,07/08/2020,94.42857142857143
131,131,4,104,5514,07/09/2020,91.14285714285714
132,132,2,90,5516,07/10/2020,93.71428571428572
133,133,2,73,5518,07/11/2020,100.85714285714286
134,134,2,55,5520,07/12/2020,101.14285714285714
135,135,1,123,5521,07/13/2020,98.42857142857143
136,136,4,111,5525,07/14/2020,96.71428571428572
137,137,2,149,5527,07/15/2020,100.71428571428572
138,138,1,90,5528,07/16/2020,98.71428571428572
139,139,0,105,5528,07/17/2020,100.85714285714286
140,140,4,58,5532,07/18/2020,98.71428571428572
141,141,3,40,5535,07/19/2020,96.57142857142857
142,142,3,85,5538,07/20/2020,91.14285714285714
143,143,3,79,5541,07/21/2020,86.57142857142857
144,144,1,96,5542,07/22/2020,79.0
145,145,4,84,5546,07/23/2020,78.14285714285714
146,146,2,68,5548,07/24/2020,72.85714285714286
147,147,2,35,5550,07/25/2020,69.57142857142857
148,148,4,40,5554,07/26/2020,69.57142857142857
149,149,1,79,5555,07/27/2020,68.71428571428571
150,150,1,106,5556,07/28/2020,72.57142857142857
151,151,1,73,5557,07/29/2020,69.28571428571429
152,152,2,98,5559,07/30/2020,71.28571428571429
153,153,1,79,5560,07/31/2020,72.85714285714286
154,154,3,58,5563,08/01/2020,76.14285714285714
155,155,2,41,5565,08/02/2020,76.28571428571429
156,156,0,93,5565,08/03/2020,78.28571428571429
157,157,1,49,5566,08/04/2020,70.14285714285714
158,158,0,90,5566,08/05/2020,72.57142857142857
159,159,2,87,5568,08/06/2020,71.0
160,160,0,90,5568,08/07/2020,72.57142857142857
161,161,1,58,5569,08/08/2020,72.57142857142857
162,162,0,48,5569,08/09/2020,73.57142857142857
163,163,1,74,5570,08/10/2020,70.85714285714286
164,164,1,82,5571,08/11/2020,75.57142857142857
165,165,0,114,5571,08/12/2020,79.0
166,166,2,87,5573,08/13/2020,79.0
167,167,0,80,5573,08/14/2020,77.57142857142857
168,168,1,33,5574,08/15/2020,74.0
169,169,1,49,5575,08/16/2020,74.14285714285714
170,170,1,96,5576,08/17/2020,77.28571428571429
171,171,0,66,5576,08/18/2020,75.0
172,172,1,69,5577,08/19/2020,68.57142857142857
173,173,3,56,5580,08/20/2020,64.14285714285714
174,174,0,75,5580,08/21/2020,63.42857142857143
175,175,2,36,5582,08/22/2020,63.85714285714285
176,176,0,55,5582,08/23/2020,64.71428571428571
177,177,1,85,5583,08/24/2020,63.14285714285714
178,178,2,84,5585,08/25/2020,65.71428571428571
179,179,1,116,5586,08/26/2020,72.42857142857143
180,180,0,99,5586,08/27/2020,78.57142857142857
181,181,0,78,5586,08/28/2020,79.0
182,182,1,38,5587,08/29/2020,79.28571428571429
183,183,1,60,5588,08/30/2020,80.0
184,184,0,117,5588,08/31/2020,84.57142857142857
185,185,0,91,5588,09/01/2020,85.57142857142857
186,186,2,94,5590,09/02/2020,82.42857142857143
187,187,2,91,5592,09/03/2020,81.28571428571429
188,188,1,71,5593,09/04/2020,80.28571428571429
189,189,3,46,5596,09/05/2020,81.42857142857143
190,190,2,87,5598,09/06/2020,85.28571428571429
191,191,0,74,5598,09/07/2020,79.14285714285714
192,192,1,128,5599,09/08/2020,84.42857142857143
193,193,0,119,5599,09/09/2020,88.0
194,194,1,124,5600,09/10/2020,92.71428571428572
195,195,2,110,5602,09/11/2020,98.28571428571428
196,196,0,51,5602,09/12/2020,99.0
197,197,2,114,5604,09/13/2020,102.85714285714286
198,198,2,167,5606,09/14/2020,116.14285714285714
199,199,0,149,5606,09/15/2020,119.14285714285714
200,200,0,164,5606,09/16/2020,125.57142857142857
201,201,1,123,5607,09/17/2020,125.42857142857143
202,202,2,103,5609,09/18/2020,124.42857142857143
203,203,2,36,5611,09/19/2020,122.28571428571428
204,204,3,60,5614,09/20/2020,114.57142857142857
205,205,1,247,5615,09/21/2020,126.0
206,206,3,170,5618,09/22/2020,129.0
207,207,1,233,5619,09/23/2020,138.85714285714286
208,208,1,235,5620,09/24/2020,154.85714285714286
209,209,0,186,5620,09/25/2020,166.71428571428572
210,210,1,108,5621,09/26/2020,177.0
211,211,2,181,5623,09/27/2020,194.28571428571428
212,212,1,139,5624,09/28/2020,178.85714285714286
213,213,2,334,5626,09/29/2020,202.28571428571428
214,214,4,270,5630,09/30/2020,207.57142857142856
215,215,1,292,5631,10/01/2020,215.7142857142857
216,216,1,263,5632,10/02/2020,226.7142857142857
217,217,1,81,5633,10/03/2020,222.85714285714286
218,218,3,162,5636,10/04/2020,220.14285714285717
219,219,0,354,5636,10/05/2020,250.85714285714286
220,220,2,250,5638,10/06/2020,238.85714285714286
221,221,1,223,5639,10/07/2020,232.14285714285717
222,222,3,216,5642,10/08/2020,221.28571428571428
223,223,0,184,5642,10/09/2020,210.0
224,224,0,95,5642,10/10/2020,212.0
225,225,2,115,5644,10/11/2020,205.28571428571428
226,226,1,223,5645,10/12/2020,186.57142857142856
227,227,3,225,5648,10/13/2020,183.0
228,228,3,210,5651,10/14/2020,181.14285714285717
229,229,2,236,5653,10/15/2020,184.0
230,230,3,163,5656,10/16/2020,181.0
231,231,3,91,5659,10/17/2020,180.42857142857144
232,232,1,171,5660,10/18/2020,188.42857142857144
233,233,6,204,5666,10/19/2020,185.7142857142857
234,234,2,214,5668,10/20/2020,184.14285714285717
235,235,3,203,5671,10/21/2020,183.14285714285717
236,236,2,241,5673,10/22/2020,183.85714285714286
237,237,0,199,5673,10/23/2020,189.0
238,238,0,119,5673,10/24/2020,193.0
239,239,3,128,5676,10/25/2020,186.85714285714286
240,240,2,220,5678,10/26/2020,189.14285714285717
241,241,3,236,5681,10/27/2020,192.28571428571428
242,242,3,229,5684,10/28/2020,196.0
243,243,2,191,5686,10/29/2020,188.85714285714286
244,244,4,191,5690,10/30/2020,187.7142857142857
245,245,2,118,5692,10/31/2020,187.57142857142856
246,246,9,230,5701,11/01/2020,202.14285714285717
247,247,7,336,5708,11/02/2020,218.7142857142857
248,248,6,319,5714,11/03/2020,230.57142857142856
249,249,7,310,5721,11/04/2020,242.14285714285717
250,250,4,311,5725,11/05/2020,259.2857142857143
251,251,2,237,5727,11/06/2020,265.85714285714283
252,252,5,222,5732,11/07/2020,280.7142857142857
253,253,2,224,5734,11/08/2020,279.85714285714283
254,254,1,415,5735,11/09/2020,291.14285714285717
255,255,2,456,5737,11/10/2020,310.7142857142857
256,256,2,394,5739,11/11/2020,322.7142857142857
257,257,6,383,5745,11/12/2020,333.0
258,258,1,357,5746,11/13/2020,350.1428571428572
259,259,5,238,5751,11/14/2020,352.42857142857144
260,260,6,231,5757,11/15/2020,353.42857142857144
261,261,2,496,5759,11/16/2020,365.0
262,262,3,492,5762,11/17/2020,370.1428571428572
263,263,4,461,5766,11/18/2020,379.71428571428567
264,264,6,491,5772,11/19/2020,395.1428571428572
265,265,2,434,5774,11/20/2020,406.1428571428572
266,266,3,351,5777,11/21/2020,422.28571428571433
267,267,1,339,5778,11/22/2020,437.71428571428567
268,268,7,571,5785,11/23/2020,448.4285714285714
269,269,2,553,5787,11/24/2020,457.1428571428572
270,270,4,626,5791,11/25/2020,480.71428571428567
271,271,3,242,5794,11/26/2020,445.1428571428572
272,272,3,603,5797,11/27/2020,469.28571428571433
273,273,3,442,5800,11/28/2020,482.28571428571433
274,274,3,500,5803,11/29/2020,505.28571428571433
275,275,4,859,5807,11/30/2020,546.4285714285714
276,276,3,878,5810,12/01/2020,592.8571428571429
277,277,10,803,5820,12/02/2020,618.1428571428571
278,278,4,821,5824,12/03/2020,700.8571428571429
279,279,6,760,5830,12/04/2020,723.2857142857142
280,280,6,504,5836,12/05/2020,732.1428571428571
281,281,4,553,5840,12/06/2020,739.7142857142858
282,282,7,959,5847,12/07/2020,754.0
283,283,8,918,5855,12/08/2020,759.7142857142858
284,284,9,906,5864,12/09/2020,774.4285714285713
285,285,2,938,5866,12/10/2020,791.1428571428571
286,286,8,831,5874,12/11/2020,801.2857142857142
287,287,9,595,5883,12/12/2020,814.2857142857142
288,288,5,646,5888,12/13/2020,827.5714285714287
289,289,6,1105,5894,12/14/2020,848.4285714285713
290,290,11,1059,5905,12/15/2020,868.5714285714287
291,291,14,842,5919,12/16/2020,859.4285714285713
292,292,6,644,5925,12/17/2020,817.4285714285713
293,293,13,1023,5938,12/18/2020,844.8571428571429
294,294,9,764,5947,12/19/2020,869.0
295,295,5,767,5952,12/20/2020,886.2857142857142
296,296,7,1305,5959,12/21/2020,914.8571428571428
297,297,16,1256,5975,12/22/2020,943.0
298,298,13,1082,5988,12/23/2020,977.2857142857144
299,299,9,963,5997,12/24/2020,1022.8571428571428
300,300,12,340,6009,12/25/2020,925.2857142857144
301,301,8,1015,6017,12/26/2020,961.1428571428572
302,302,14,902,6031,12/27/2020,980.4285714285713
303,303,13,1581,6044,12/28/2020,1019.8571428571428
304,304,14,1406,6058,12/29/2020,1041.2857142857142
305,305,16,1385,6074,12/30/2020,1084.5714285714287
306,306,21,929,6095,12/31/2020,1079.7142857142858
307,307,17,401,6112,01/01/2021,1088.4285714285713
308,308,17,1086,6129,01/02/2021,1098.5714285714287
309,309,12,1044,6141,01/03/2021,1118.857142857143
310,310,24,1868,6165,01/04/2021,1159.857142857143
311,311,22,1733,6187,01/05/2021,1206.5714285714287
312,312,19,1570,6206,01/06/2021,1233.0
313,313,18,1607,6224,01/07/2021,1329.857142857143
314,314,14,1436,6238,01/08/2021,1477.7142857142858
315,315,22,975,6260,01/09/2021,1461.857142857143
316,316,16,996,6276,01/10/2021,1455.0
317,317,12,1718,6288,01/11/2021,1433.571428571429
318,318,29,1578,6317,01/12/2021,1411.428571428571
319,319,20,1501,6337,01/13/2021,1401.571428571429
320,320,22,1494,6359,01/14/2021,1385.428571428571
321,321,10,1351,6369,01/15/2021,1373.2857142857142
322,322,20,1032,6389,01/16/2021,1381.428571428571
323,323,23,881,6412,01/17/2021,1365.0
324,324,21,1417,6433,01/18/2021,1322.0
325,325,25,1414,6458,01/19/2021,1298.5714285714287
326,326,25,1277,6483,01/20/2021,1266.5714285714287
327,327,19,1344,6502,01/21/2021,1245.142857142857
328,328,30,1276,6532,01/22/2021,1234.4285714285713
329,329,23,863,6555,01/23/2021,1210.2857142857142
330,330,20,856,6575,01/24/2021,1206.7142857142858
331,331,12,1642,6587,01/25/2021,1238.857142857143
332,332,21,1283,6608,01/26/2021,1220.142857142857
333,333,24,1269,6632,01/27/2021,1219.0
334,334,12,1117,6644,01/28/2021,1186.5714285714287
