Date,Total Cases,Total Deaths,New Cases,New Deaths,New Cases 7 Day Average,New Deaths 7 Day Average
1/22,0.0,0,0,0,0.0,0.0
1/23,0.0,0,0,0,0.0,0.0
1/24,0.0,0,0,0,0.0,0.0
1/25,0.0,0,0,0,0.0,0.0
1/26,0.0,0,0,0,0.0,0.0
1/27,0.0,0,0,0,0.0,0.0
1/28,0.0,0,0,0,0.0,0.0
1/29,0.0,0,0,0,0.0,0.0
1/30,0.0,0,0,0,0.0,0.0
1/31,0.0,0,0,0,0.0,0.0
2/1,0.0,0,0,0,0.0,0.0
2/2,0.0,0,0,0,0.0,0.0
2/3,0.0,0,0,0,0.0,0.0
2/4,0.0,0,0,0,0.0,0.0
2/5,0.0,0,0,0,0.0,0.0
2/6,0.0,0,0,0,0.0,0.0
2/7,0.0,0,0,0,0.0,0.0
2/8,0.0,0,0,0,0.0,0.0
2/9,0.0,0,0,0,0.0,0.0
2/10,0.0,0,0,0,0.0,0.0
2/11,0.0,0,0,0,0.0,0.0
2/12,0.0,0,0,0,0.0,0.0
2/13,0.0,0,0,0,0.0,0.0
2/14,0.0,0,0,0,0.0,0.0
2/15,0.0,0,0,0,0.0,0.0
2/16,0.0,0,0,0,0.0,0.0
2/17,0.0,0,0,0,0.0,0.0
2/18,0.0,0,0,0,0.0,0.0
2/19,0.0,0,0,0,0.0,0.0
2/20,0.0,0,0,0,0.0,0.0
2/21,0.0,0,0,0,0.0,0.0
2/22,0.0,0,0,0,0.0,0.0
2/23,0.0,0,0,0,0.0,0.0
2/24,0.0,0,0,0,0.0,0.0
2/25,0.0,0,0,0,0.0,0.0
2/26,0.0,0,0,0,0.0,0.0
2/27,0.0,0,0,0,0.0,0.0
2/28,0.0,0,0,0,0.0,0.0
2/29,0.0,0,0,0,0.0,0.0
3/1,0.0,0,0,0,0.0,0.0
3/2,0.0,0,0,0,0.0,0.0
3/3,1.0,0,1,0,0.14285714285714285,0.0
3/4,1.0,0,0,0,0.14285714285714285,0.0
3/5,1.0,0,0,0,0.14285714285714285,0.0
3/6,2.0,0,1,0,0.2857142857142857,0.0
3/7,2.0,0,0,0,0.2857142857142857,0.0
3/8,2.0,0,0,0,0.2857142857142857,0.0
3/9,2.0,0,0,0,0.2857142857142857,0.0
3/10,7.0,0,5,0,0.8571428571428571,0.0
3/11,7.0,0,0,0,0.8571428571428571,0.0
3/12,15.0,0,8,0,2.0,0.0
3/13,17.0,0,2,0,2.142857142857143,0.0
3/14,25.0,0,8,0,3.2857142857142856,0.0
3/15,32.0,0,7,0,4.285714285714286,0.0
3/16,39.0,0,7,0,5.285714285714286,0.0
3/17,64.0,0,25,0,8.142857142857142,0.0
3/18,92.0,0,28,0,12.142857142857142,0.0
3/19,136.0,0,44,0,17.285714285714285,0.0
3/20,189.0,0,53,0,24.571428571428573,0.0
3/21,256.0,0,67,0,33.0,0.0
3/22,305.0,0,49,0,39.0,0.0
3/23,353.0,0,48,0,44.857142857142854,0.0
3/24,495.0,0,142,0,61.57142857142857,0.0
3/25,590.0,2,95,2,71.14285714285714,0.2857142857142857
3/26,738.0,3,148,1,86.0,0.42857142857142855
3/27,887.0,4,149,1,99.71428571428571,0.5714285714285714
3/28,1020.0,5,133,1,109.14285714285714,0.7142857142857143
3/29,1191.0,7,171,2,126.57142857142857,1.0
3/30,1313.0,7,122,0,137.14285714285714,1.0
3/31,1535.0,12,222,5,148.57142857142858,1.7142857142857142
4/1,1675.0,14,140,2,155.0,1.7142857142857142
4/2,1977.0,21,302,7,177.0,2.5714285714285716
4/3,2251.0,27,274,6,194.85714285714286,3.2857142857142856
4/4,2486.0,34,235,7,209.42857142857142,4.142857142857143
4/5,2649.0,38,163,4,208.28571428571428,4.428571428571429
4/6,2962.0,45,313,7,235.57142857142858,5.428571428571429
4/7,3299.0,53,337,8,252.0,5.857142857142857
4/8,3499.0,66,200,13,260.57142857142856,7.428571428571429
4/9,3736.0,76,237,10,251.28571428571428,7.857142857142857
4/10,3965.0,83,229,7,244.85714285714286,8.0
4/11,4354.0,89,389,6,266.85714285714283,7.857142857142857
4/12,4570.0,89,216,0,274.42857142857144,7.285714285714286
4/13,4886.0,94,316,5,274.85714285714283,7.0
4/14,5113.0,112,227,18,259.14285714285717,8.428571428571429
4/15,5340.0,130,227,18,263.0,9.142857142857142
4/16,5639.0,150,299,20,271.85714285714283,10.571428571428571
4/17,6045.0,177,406,27,297.14285714285717,13.428571428571429
4/18,6328.0,187,283,10,282.0,14.0
4/19,6601.0,200,273,13,290.14285714285717,15.857142857142858
4/20,6895.0,218,294,18,287.0,17.714285714285715
4/21,7134.0,245,239,27,288.7142857142857,19.0
4/22,7495.0,265,361,20,307.85714285714283,19.285714285714285
4/23,7820.0,281,325,16,311.57142857142856,18.714285714285715
4/24,8290.0,294,470,13,320.7142857142857,16.714285714285715
4/25,8768.0,305,478,11,348.57142857142856,16.857142857142858
4/26,8997.0,324,229,19,342.2857142857143,17.714285714285715
4/27,9321.0,340,324,16,346.57142857142856,17.428571428571427
4/28,9755.0,363,434,23,374.42857142857144,16.857142857142858
4/29,10180.0,382,425,19,383.57142857142856,16.714285714285715
4/30,10754.0,406,574,24,419.14285714285717,17.857142857142858
5/1,11070.0,419,316,13,397.14285714285717,17.857142857142858
5/2,11588.0,431,518,12,402.85714285714283,18.0
5/3,11770.0,434,182,3,396.14285714285717,15.714285714285714
5/4,11971.0,442,201,8,378.57142857142856,14.571428571428571
5/5,12510.0,472,539,30,393.57142857142856,15.571428571428571
5/6,13053.0,492,543,20,410.42857142857144,15.714285714285714
5/7,13540.0,513,487,21,398.0,15.285714285714286
5/8,14006.0,530,466,17,419.42857142857144,15.857142857142858
5/9,14478.0,551,472,21,412.85714285714283,17.142857142857142
5/10,14938.0,564,460,13,452.57142857142856,18.571428571428573
5/11,15274.0,575,336,11,471.85714285714283,19.0
5/12,15622.0,600,348,25,444.57142857142856,18.285714285714285
5/13,16352.0,625,730,25,471.2857142857143,19.0
5/14,16968.0,641,616,16,489.7142857142857,18.285714285714285
5/15,17494.0,667,526,26,498.2857142857143,19.571428571428573
5/16,18130.0,676,636,9,521.7142857142857,17.857142857142858
5/17,18673.0,686,543,10,533.5714285714286,17.428571428571427
5/18,19207.0,693,534,7,561.8571428571429,16.857142857142858
5/19,19239.0,693,32,0,516.7142857142857,13.285714285714286
5/20,20262.0,726,1023,33,558.5714285714286,14.428571428571429
5/21,20512.0,734,250,8,506.2857142857143,13.285714285714286
5/22,22110.0,775,1598,41,659.4285714285714,15.428571428571429
5/23,22864.0,778,754,3,676.2857142857143,14.571428571428571
5/24,23365.0,784,501,6,670.2857142857143,14.0
5/25,24057.0,790,692,6,692.8571428571429,13.857142857142858
5/26,24455.0,801,398,11,745.1428571428571,15.428571428571429
5/27,24916.0,844,461,43,664.8571428571429,16.857142857142858
5/28,25800.0,876,884,32,755.4285714285714,20.285714285714285
5/29,26885.0,919,1085,43,682.1428571428571,20.571428571428573
5/30,27794.0,929,909,10,704.2857142857143,21.571428571428573
5/31,28785.0,937,991,8,774.2857142857143,21.857142857142858
6/1,29592.0,948,807,11,790.7142857142857,22.571428571428573
6/2,30023.0,961,431,13,795.4285714285714,22.857142857142858
6/3,31276.0,999,1253,38,908.5714285714286,22.142857142857142
6/4,32075.0,1006,799,7,896.4285714285714,18.571428571428573
6/5,33295.0,1015,1220,9,915.7142857142857,13.714285714285714
6/6,34718.0,1028,1423,13,989.1428571428571,14.142857142857142
6/7,35625.0,1032,907,4,977.1428571428571,13.571428571428571
6/8,36517.0,1041,892,9,989.2857142857143,13.285714285714286
6/9,37227.0,1068,710,27,1029.142857142857,15.285714285714286
6/10,38473.0,1090,1246,22,1028.142857142857,13.0
6/11,39584.0,1106,1111,16,1072.7142857142858,14.285714285714286
6/12,41417.0,1121,1833,15,1160.2857142857142,15.142857142857142
6/13,42845.0,1127,1428,6,1161.0,14.142857142857142
6/14,44264.0,1132,1419,5,1234.142857142857,14.285714285714286
6/15,45114.0,1140,850,8,1228.142857142857,14.142857142857142
6/16,45907.0,1169,793,29,1240.0,14.428571428571429
6/17,46934.0,1181,1027,12,1208.7142857142858,13.0
6/18,48167.0,1188,1233,7,1226.142857142857,11.714285714285714
6/19,49785.0,1202,1618,14,1195.4285714285713,11.571428571428571
6/20,51390.0,1215,1605,13,1220.7142857142858,12.571428571428571
6/21,52801.0,1245,1411,30,1219.5714285714287,16.142857142857142
6/22,53964.0,1278,1163,33,1264.2857142857142,19.714285714285715
6/23,54639.0,1296,675,18,1247.4285714285713,18.142857142857142
6/24,56527.0,1325,1888,29,1370.4285714285713,20.571428571428573
6/25,57472.0,1336,945,11,1329.2857142857142,21.142857142857142
6/26,59158.0,1348,1686,12,1339.0,20.857142857142858
6/27,60812.0,1353,1654,5,1346.0,19.714285714285715
6/28,62248.0,1352,1436,0,1349.5714285714287,15.428571428571429
6/29,63736.0,1357,1488,5,1396.0,11.428571428571429
6/30,65327.0,1380,1591,23,1526.857142857143,12.142857142857142
7/1,66751.0,1398,1424,18,1460.5714285714287,10.571428571428571
7/2,68216.0,1409,1465,11,1534.857142857143,10.571428571428571
7/3,70262.0,1419,2046,10,1586.2857142857142,10.285714285714286
7/4,71670.0,1422,1408,3,1551.142857142857,10.0
7/5,72992.0,1423,1322,1,1534.857142857143,10.142857142857142
7/6,74775.0,1432,1783,9,1577.0,10.714285714285714
7/7,76290.0,1446,1515,14,1566.142857142857,9.428571428571429
7/8,77687.0,1462,1397,16,1562.2857142857142,9.142857142857142
7/9,79656.0,1477,1969,15,1634.2857142857142,9.714285714285714
7/10,82032.0,1497,2376,20,1681.4285714285713,11.142857142857142
7/11,83906.0,1513,1874,16,1748.0,13.0
7/12,85771.0,1522,1865,9,1825.5714285714287,14.142857142857142
7/13,87669.0,1529,1898,7,1842.0,13.857142857142858
7/14,90000.0,1571,2331,42,1958.5714285714287,17.857142857142858
7/15,91837.0,1589,1837,18,2021.4285714285713,18.142857142857142
7/16,93708.0,1607,1871,18,2007.4285714285713,18.571428571428573
7/17,95570.0,1623,1862,16,1934.0,18.0
7/18,98092.0,1648,2522,25,2026.5714285714287,19.285714285714285
7/19,99803.0,1652,1711,4,2004.5714285714287,18.571428571428573
7/20,101231.0,1677,1428,25,1937.4285714285713,21.142857142857142
7/21,103216.0,1705,1985,28,1888.0,19.142857142857142
7/22,105276.0,1732,2060,27,1919.857142857143,20.428571428571427
7/23,107125.0,1756,1849,24,1916.7142857142858,21.285714285714285
7/24,109728.0,1789,2603,33,2022.5714285714287,23.714285714285715
7/25,111421.0,1811,1693,22,1904.142857142857,23.285714285714285
7/26,112937.0,1817,1516,6,1876.2857142857142,23.571428571428573
7/27,114916.0,1838,1979,21,1955.0,23.0
7/28,116700.0,1860,1784,22,1926.2857142857142,22.142857142857142
7/29,118387.0,1888,1687,28,1873.0,22.285714285714285
7/30,120532.0,1922,2145,34,1915.2857142857142,23.714285714285715
7/31,122298.0,1942,1766,20,1795.7142857142858,21.857142857142858
8/1,124006.0,1979,1708,37,1797.857142857143,24.0
8/2,125330.0,1983,1324,4,1770.4285714285713,23.714285714285715
8/3,127630.0,2043,2300,60,1816.2857142857142,29.285714285714285
8/4,128715.0,2061,1085,18,1716.4285714285713,28.714285714285715
8/5,129733.0,2085,1018,24,1620.857142857143,28.142857142857142
8/6,131802.0,2126,2069,41,1610.0,29.142857142857142
8/7,133337.0,2160,1535,34,1577.0,31.142857142857142
8/8,134948.0,2184,1611,24,1563.142857142857,29.285714285714285
8/9,136346.0,2192,1398,8,1573.7142857142858,29.857142857142858
8/10,137562.0,2199,1216,7,1418.857142857143,22.285714285714285
8/11,138743.0,2238,1181,39,1432.5714285714287,25.285714285714285
8/12,139739.0,2280,996,42,1429.4285714285713,27.857142857142858
8/13,140824.0,2287,1085,7,1288.857142857143,23.0
8/14,142170.0,2313,1346,26,1261.857142857143,21.857142857142858
8/15,143704.0,2343,1534,30,1250.857142857143,22.714285714285715
8/16,144952.0,2347,1248,4,1229.4285714285713,22.142857142857142
8/17,145516.0,2348,564,1,1136.2857142857142,21.285714285714285
8/18,146779.0,2396,1263,48,1148.0,22.571428571428573
8/19,147925.0,2431,1146,35,1169.4285714285713,21.571428571428573
8/20,149904.0,2465,1979,34,1297.142857142857,25.428571428571427
8/21,151910.0,2494,2006,29,1391.4285714285713,25.857142857142858
8/22,153640.0,2521,1730,27,1419.4285714285713,25.428571428571427
8/23,155113.0,2531,1473,10,1451.5714285714287,26.285714285714285
8/24,156396.0,2535,1283,4,1554.2857142857142,26.714285714285715
8/25,157741.0,2570,1345,35,1566.0,24.857142857142858
8/26,158985.0,2606,1244,36,1580.0,25.0
8/27,161076.0,2630,2091,24,1596.0,23.571428571428573
8/28,162491.0,2652,1415,22,1511.5714285714287,22.571428571428573
8/29,165076.0,2683,2585,31,1633.7142857142858,23.142857142857142
8/30,166127.0,2692,1051,9,1573.4285714285713,23.0
8/31,167309.0,2702,1182,10,1559.0,23.857142857142858
9/1,169424.0,2741,2115,39,1669.0,24.428571428571427
9/2,170553.0,2779,1129,38,1652.5714285714287,24.714285714285715
9/3,172201.0,2803,1648,24,1589.2857142857142,24.714285714285715
9/4,174253.0,2839,2052,36,1680.2857142857142,26.714285714285715
9/5,175815.0,2889,1562,50,1534.142857142857,29.428571428571427
9/6,176901.0,2890,1086,1,1539.142857142857,28.285714285714285
9/7,177919.0,2897,1018,7,1515.7142857142858,27.857142857142858
9/8,178635.0,2909,716,12,1315.857142857143,24.0
9/9,179536.0,2958,901,49,1283.2857142857142,25.571428571428573
9/10,180754.0,2990,1218,32,1221.857142857143,26.714285714285715
9/11,182286.0,3023,1532,33,1147.5714285714287,26.285714285714285
