Date,Total Cases,Total Deaths,New Cases,New Deaths,New Cases 7 Day Average,New Deaths 7 Day Average
1/22/20,0.0,0,0,0,0.0,0.0
1/23/20,0.0,0,0,0,0.0,0.0
1/24/20,0.0,0,0,0,0.0,0.0
1/25/20,0.0,0,0,0,0.0,0.0
1/26/20,0.0,0,0,0,0.0,0.0
1/27/20,0.0,0,0,0,0.0,0.0
1/28/20,0.0,0,0,0,0.0,0.0
1/29/20,0.0,0,0,0,0.0,0.0
1/30/20,0.0,0,0,0,0.0,0.0
1/31/20,0.0,0,0,0,0.0,0.0
2/1/20,0.0,0,0,0,0.0,0.0
2/2/20,0.0,0,0,0,0.0,0.0
2/3/20,0.0,0,0,0,0.0,0.0
2/4/20,0.0,0,0,0,0.0,0.0
2/5/20,0.0,0,0,0,0.0,0.0
2/6/20,0.0,0,0,0,0.0,0.0
2/7/20,0.0,0,0,0,0.0,0.0
2/8/20,0.0,0,0,0,0.0,0.0
2/9/20,0.0,0,0,0,0.0,0.0
2/10/20,0.0,0,0,0,0.0,0.0
2/11/20,0.0,0,0,0,0.0,0.0
2/12/20,0.0,0,0,0,0.0,0.0
2/13/20,0.0,0,0,0,0.0,0.0
2/14/20,0.0,0,0,0,0.0,0.0
2/15/20,0.0,0,0,0,0.0,0.0
2/16/20,0.0,0,0,0,0.0,0.0
2/17/20,0.0,0,0,0,0.0,0.0
2/18/20,0.0,0,0,0,0.0,0.0
2/19/20,0.0,0,0,0,0.0,0.0
2/20/20,0.0,0,0,0,0.0,0.0
2/21/20,0.0,0,0,0,0.0,0.0
2/22/20,0.0,0,0,0,0.0,0.0
2/23/20,0.0,0,0,0,0.0,0.0
2/24/20,0.0,0,0,0,0.0,0.0
2/25/20,0.0,0,0,0,0.0,0.0
2/26/20,0.0,0,0,0,0.0,0.0
2/27/20,0.0,0,0,0,0.0,0.0
2/28/20,0.0,0,0,0,0.0,0.0
2/29/20,0.0,0,0,0,0.0,0.0
3/1/20,0.0,0,0,0,0.0,0.0
3/2/20,0.0,0,0,0,0.0,0.0
3/3/20,0.0,0,0,0,0.0,0.0
3/4/20,0.0,0,0,0,0.0,0.0
3/5/20,0.0,0,0,0,0.0,0.0
3/6/20,0.0,0,0,0,0.0,0.0
3/7/20,0.0,0,0,0,0.0,0.0
3/8/20,0.0,0,0,0,0.0,0.0
3/9/20,0.0,0,0,0,0.0,0.0
3/10/20,0.0,0,0,0,0.0,0.0
3/11/20,0.0,0,0,0,0.0,0.0
3/12/20,0.0,0,0,0,0.0,0.0
3/13/20,0.0,0,0,0,0.0,0.0
3/14/20,1.0,0,1,0,0.14285714285714285,0.0
3/15/20,1.0,0,0,0,0.14285714285714285,0.0
3/16/20,2.0,0,1,0,0.2857142857142857,0.0
3/17/20,3.0,0,1,0,0.42857142857142855,0.0
3/18/20,3.0,0,0,0,0.42857142857142855,0.0
3/19/20,6.0,0,3,0,0.8571428571428571,0.0
3/20/20,6.0,0,0,0,0.8571428571428571,0.0
3/21/20,7.0,0,1,0,0.8571428571428571,0.0
3/22/20,7.0,0,0,0,0.8571428571428571,0.0
3/23/20,9.0,0,2,0,1.0,0.0
3/24/20,10.0,0,1,0,1.0,0.0
3/25/20,16.0,0,6,0,1.8571428571428572,0.0
3/26/20,28.0,0,12,0,3.142857142857143,0.0
3/27/20,28.0,0,0,0,3.142857142857143,0.0
3/28/20,38.0,0,10,0,4.428571428571429,0.0
3/29/20,42.0,0,4,0,5.0,0.0
3/30/20,40.0,0,-2,0,4.428571428571429,0.0
3/31/20,53.0,0,13,0,6.142857142857143,0.0
4/1/20,57.0,0,4,0,5.857142857142857,0.0
4/2/20,75.0,0,18,0,6.714285714285714,0.0
4/3/20,85.0,0,10,0,8.142857142857142,0.0
4/4/20,103.0,0,18,0,9.285714285714286,0.0
4/5/20,113.0,0,10,0,10.142857142857142,0.0
4/6/20,132.0,0,19,0,13.142857142857142,0.0
4/7/20,132.0,0,0,0,11.285714285714286,0.0
4/8/20,153.0,0,21,0,13.714285714285714,0.0
4/9/20,192.0,0,39,0,16.714285714285715,0.0
4/10/20,225.0,1,33,1,20.0,0.14285714285714285
4/11/20,252.0,2,27,1,21.285714285714285,0.2857142857142857
4/12/20,269.0,2,17,0,22.285714285714285,0.2857142857142857
4/13/20,292.0,2,23,0,22.857142857142858,0.2857142857142857
4/14/20,300.0,2,8,0,24.0,0.2857142857142857
4/15/20,346.0,4,46,2,27.571428571428573,0.5714285714285714
4/16/20,393.0,6,47,2,28.714285714285715,0.8571428571428571
4/17/20,451.0,7,58,1,32.285714285714285,0.8571428571428571
4/18/20,482.0,7,31,0,32.857142857142854,0.7142857142857143
4/19/20,505.0,8,23,1,33.714285714285715,0.8571428571428571
4/20/20,531.0,8,26,0,34.142857142857146,0.8571428571428571
4/21/20,540.0,9,9,1,34.285714285714285,1.0
4/22/20,587.0,9,47,0,34.42857142857143,0.7142857142857143
4/23/20,674.0,10,87,1,40.142857142857146,0.5714285714285714
4/24/20,706.0,10,32,0,36.42857142857143,0.42857142857142855
4/25/20,706.0,10,0,0,32.0,0.42857142857142855
4/26/20,780.0,12,74,2,39.285714285714285,0.5714285714285714
4/27/20,802.0,12,22,0,38.714285714285715,0.5714285714285714
4/28/20,829.0,12,27,0,41.285714285714285,0.42857142857142855
4/29/20,857.0,14,28,2,38.57142857142857,0.7142857142857143
4/30/20,887.0,18,30,4,30.428571428571427,1.1428571428571428
5/1/20,924.0,21,37,3,31.142857142857142,1.5714285714285714
5/2/20,961.0,22,37,1,36.42857142857143,1.7142857142857142
5/3/20,986.0,22,25,0,29.428571428571427,1.4285714285714286
5/4/20,998.0,22,12,0,28.0,1.4285714285714286
5/5/20,1029.0,22,31,0,28.571428571428573,1.4285714285714286
5/6/20,1080.0,22,51,0,31.857142857142858,1.1428571428571428
5/7/20,1119.0,23,39,1,33.142857142857146,0.7142857142857143
5/8/20,1190.0,30,71,7,38.0,1.2857142857142858
5/9/20,1276.0,32,86,2,45.0,1.4285714285714286
5/10/20,1322.0,32,46,0,48.0,1.4285714285714286
5/11/20,1340.0,33,18,1,48.857142857142854,1.5714285714285714
5/12/20,1348.0,33,8,0,45.57142857142857,1.5714285714285714
5/13/20,1413.0,33,65,0,47.57142857142857,1.5714285714285714
5/14/20,1456.0,41,43,8,48.142857142857146,2.5714285714285716
5/15/20,1607.0,43,151,2,59.57142857142857,1.8571428571428572
5/16/20,1655.0,45,48,2,54.142857142857146,1.8571428571428572
5/17/20,1726.0,46,71,1,57.714285714285715,2.0
5/18/20,1772.0,47,46,1,61.714285714285715,2.0
5/19/20,1852.0,52,80,5,72.0,2.7142857142857144
5/20/20,1930.0,54,78,2,73.85714285714286,3.0
5/21/20,2046.0,57,116,3,84.28571428571429,2.2857142857142856
5/22/20,2046.0,57,0,0,62.714285714285715,2.0
5/23/20,2265.0,57,219,0,87.14285714285714,1.7142857142857142
5/24/20,2340.0,58,75,1,87.71428571428571,1.7142857142857142
5/25/20,2376.0,58,36,0,86.28571428571429,1.5714285714285714
5/26/20,2393.0,60,17,2,77.28571428571429,1.1428571428571428
5/27/20,2461.0,68,68,8,75.85714285714286,2.0
5/28/20,2569.0,72,108,4,74.71428571428571,2.142857142857143
5/29/20,2569.0,72,0,0,74.71428571428571,2.142857142857143
5/30/20,2704.0,78,135,6,62.714285714285715,3.0
5/31/20,2764.0,78,60,0,60.57142857142857,2.857142857142857
6/1/20,2794.0,80,30,2,59.714285714285715,3.142857142857143
6/2/20,2833.0,83,39,3,62.857142857142854,3.2857142857142856
6/3/20,2872.0,88,39,5,58.714285714285715,2.857142857142857
6/4/20,3069.0,89,197,1,71.42857142857143,2.4285714285714284
6/5/20,3213.0,90,144,1,92.0,2.5714285714285716
6/6/20,3298.0,90,85,0,84.85714285714286,1.7142857142857142
6/7/20,3376.0,90,78,0,87.42857142857143,1.7142857142857142
6/8/20,3376.0,90,0,0,83.14285714285714,1.4285714285714286
6/9/20,3512.0,93,136,3,97.0,1.4285714285714286
6/10/20,3582.0,93,70,0,101.42857142857143,0.7142857142857143
6/11/20,3650.0,97,68,4,83.0,1.1428571428571428
6/12/20,3650.0,97,0,0,62.42857142857143,1.0
6/13/20,3794.0,100,144,3,70.85714285714286,1.4285714285714286
6/14/20,3834.0,100,40,0,65.42857142857143,1.4285714285714286
6/15/20,3911.0,102,77,2,76.42857142857143,1.7142857142857142
6/16/20,3948.0,109,37,7,62.285714285714285,2.2857142857142856
6/17/20,3999.0,113,51,4,59.57142857142857,2.857142857142857
6/18/20,4088.0,119,89,6,62.57142857142857,3.142857142857143
6/19/20,4178.0,119,90,0,75.42857142857143,3.142857142857143
6/20/20,4340.0,120,162,1,78.0,2.857142857142857
6/21/20,4488.0,120,148,0,93.42857142857143,2.857142857142857
6/22/20,4553.0,120,65,0,91.71428571428571,2.5714285714285716
6/23/20,4677.0,122,124,2,104.14285714285714,1.8571428571428572
6/24/20,4809.0,122,132,0,115.71428571428571,1.2857142857142858
6/25/20,4984.0,125,175,3,128.0,0.8571428571428571
6/26/20,5217.0,126,233,1,148.42857142857142,1.0
6/27/20,5330.0,127,113,1,141.42857142857142,1.0
6/28/20,5614.0,127,284,0,160.85714285714286,1.0
6/29/20,5745.0,128,131,1,170.28571428571428,1.1428571428571428
6/30/20,5928.0,130,183,2,178.71428571428572,1.1428571428571428
7/1/20,6124.0,131,196,1,187.85714285714286,1.2857142857142858
7/2/20,6389.0,132,265,1,200.71428571428572,1.0
7/3/20,6665.0,135,276,3,206.85714285714286,1.2857142857142858
7/4/20,6953.0,135,288,0,231.85714285714286,1.1428571428571428
7/5/20,6953.0,135,0,0,191.28571428571428,1.1428571428571428
7/6/20,7461.0,135,508,0,245.14285714285714,1.0
7/7/20,7642.0,139,181,4,244.85714285714286,1.2857142857142858
7/8/20,8035.0,144,393,5,273.0,1.8571428571428572
7/9/20,8385.0,145,350,1,285.14285714285717,1.8571428571428572
7/10/20,8746.0,150,361,5,297.2857142857143,2.142857142857143
7/11/20,9099.0,150,353,0,306.57142857142856,2.142857142857143
7/12/20,9510.0,151,411,1,365.2857142857143,2.2857142857142856
7/13/20,9716.0,152,206,1,322.14285714285717,2.4285714285714284
7/14/20,9953.0,152,237,0,330.14285714285717,1.8571428571428572
7/15/20,10298.0,159,345,7,323.2857142857143,2.142857142857143
7/16/20,10638.0,173,340,14,321.85714285714283,4.0
7/17/20,10843.0,177,205,4,299.57142857142856,3.857142857142857
7/18/20,11132.0,179,289,2,290.42857142857144,4.142857142857143
7/19/20,11573.0,179,441,0,294.7142857142857,4.0
7/20/20,11769.0,184,196,5,293.2857142857143,4.571428571428571
7/21/20,12041.0,187,272,3,298.2857142857143,5.0
7/22/20,12297.0,196,256,9,285.57142857142856,5.285714285714286
7/23/20,12501.0,211,204,15,266.14285714285717,5.428571428571429
7/24/20,12750.0,218,249,7,272.42857142857144,5.857142857142857
7/25/20,12971.0,221,221,3,262.7142857142857,6.0
7/26/20,13240.0,224,269,3,238.14285714285714,6.428571428571429
7/27/20,13240.0,216,0,0,210.14285714285714,5.714285714285714
7/28/20,13552.0,220,312,4,215.85714285714286,5.857142857142857
7/29/20,13807.0,232,255,12,215.71428571428572,6.285714285714286
7/30/20,13939.0,232,132,0,205.42857142857142,4.142857142857143
7/31/20,14276.0,237,337,5,218.0,3.857142857142857
8/1/20,14410.0,248,134,11,205.57142857142858,5.0
8/2/20,14410.0,248,0,0,167.14285714285714,4.571428571428571
8/3/20,14914.0,251,504,3,239.14285714285714,5.0
8/4/20,15142.0,254,228,3,227.14285714285714,4.857142857142857
8/5/20,15427.0,280,285,26,231.42857142857142,6.857142857142857
8/6/20,15596.0,285,169,5,236.71428571428572,7.571428571428571
8/7/20,15908.0,286,312,1,233.14285714285714,7.0
8/8/20,16040.0,291,132,5,232.85714285714286,6.142857142857143
8/9/20,16308.0,293,268,2,271.14285714285717,6.428571428571429
8/10/20,16396.0,300,88,7,211.71428571428572,7.0
8/11/20,16936.0,307,540,7,256.2857142857143,7.571428571428571
8/12/20,17210.0,310,274,3,254.71428571428572,4.285714285714286
8/13/20,17378.0,330,168,20,254.57142857142858,6.428571428571429
8/14/20,17632.0,354,254,24,246.28571428571428,9.714285714285714
8/15/20,18079.0,357,447,3,291.2857142857143,9.428571428571429
8/16/20,18350.0,358,271,1,291.7142857142857,9.285714285714286
8/17/20,18486.0,361,136,3,298.57142857142856,8.714285714285714
8/18/20,18682.0,366,196,5,249.42857142857142,8.428571428571429
8/19/20,18914.0,372,232,6,243.42857142857142,8.857142857142858
8/20/20,19057.0,382,143,10,239.85714285714286,7.428571428571429
8/21/20,19177.0,387,120,5,220.71428571428572,4.714285714285714
8/22/20,19316.0,392,139,5,176.71428571428572,5.0
8/23/20,19396.0,392,80,0,149.42857142857142,4.857142857142857
8/24/20,19554.0,394,158,2,152.57142857142858,4.714285714285714
8/25/20,19622.0,397,68,3,134.28571428571428,4.428571428571429
8/26/20,19753.0,399,131,2,119.85714285714286,3.857142857142857
8/27/20,19925.0,410,172,11,124.0,4.0
8/28/20,20072.0,423,147,13,127.85714285714286,5.142857142857143
8/29/20,20217.0,428,145,5,128.71428571428572,5.142857142857143
8/30/20,20350.0,428,133,0,136.28571428571428,5.142857142857143
8/31/20,20460.0,428,110,0,129.42857142857142,4.857142857142857
9/1/20,20539.0,433,79,5,131.0,5.142857142857143
9/2/20,20611.0,439,72,6,122.57142857142857,5.714285714285714
9/3/20,20686.0,446,75,7,108.71428571428571,5.142857142857143
9/4/20,20686.0,449,0,3,87.71428571428571,3.7142857142857144
9/5/20,20850.0,459,164,10,90.42857142857143,4.428571428571429
9/6/20,20939.0,464,89,5,84.14285714285714,5.142857142857143
9/7/20,21093.0,464,154,0,90.42857142857143,5.142857142857143
9/8/20,21187.0,464,94,0,92.57142857142857,4.428571428571429
9/9/20,21259.0,465,72,1,92.57142857142857,3.7142857142857144
9/10/20,21259.0,465,0,0,81.85714285714286,2.7142857142857144
9/11/20,21335.0,466,76,1,92.71428571428571,2.4285714285714284
