,Date,Total Cases,New Cases,Total Deaths,New Deaths,Total Tests,Positive Test Rate,Tests Per Day,New Cases 7 Day Average
0,3/6/20,2,0,0,0,2,,0,0.0
1,3/7/20,4,2,0,0,4,,2,0.0
2,3/8/20,6,2,0,0,6,,2,0.0
3,3/9/20,10,4,0,0,10,,4,0.0
4,3/10/20,12,2,0,0,12,,2,0.0
5,3/11/20,16,4,0,0,158,10.126582278481012,92,0.0
6,3/12/20,22,6,0,0,219,10.04566210045662,34,2.8571428571428568
7,3/13/20,41,19,0,0,311,13.183279742765274,43,5.571428571428571
8,3/14/20,47,6,0,0,402,11.691542288557216,71,6.142857142857142
9,3/15/20,63,16,0,0,451,13.968957871396894,16,8.142857142857142
10,3/16/20,76,13,0,0,746,10.187667560321717,478,9.428571428571429
11,3/17/20,96,20,0,0,975,9.846153846153848,229,12.0
12,3/18/20,133,37,1,1,1320,10.075757575757576,345,16.714285714285715
13,3/19/20,185,52,1,0,1793,10.317902955939767,473,23.285714285714285
14,3/20/20,268,83,1,0,2842,9.429978888106968,1049,32.42857142857143
15,3/21/20,371,103,2,1,4137,8.967851099830797,1295,46.28571428571429
16,3/22/20,479,108,2,0,5443,8.800293955539225,1306,59.42857142857143
17,3/23/20,644,165,6,4,7239,8.896256389004007,1796,81.14285714285714
18,3/24/20,851,207,7,1,9494,8.96355593006109,2255,107.85714285714286
19,3/25/20,1127,276,11,4,12320,9.147727272727273,2826,142.0
20,3/26/20,1687,560,16,5,18128,9.306045895851721,5808,214.57142857142856
21,3/27/20,2218,531,22,6,23234,9.54635448050271,5106,278.57142857142856
22,3/28/20,2751,533,34,12,28005,9.823245848955542,4771,340.0
23,3/29/20,3394,643,38,4,33455,10.144970856374234,5450,416.4285714285714
24,3/30/20,4087,693,49,11,37864,10.793893936192688,4409,491.8571428571428
25,3/31/20,4843,756,63,14,42488,11.398512521182449,4624,570.2857142857142
26,4/1/20,5805,962,74,11,48232,12.035578039475867,5744,668.2857142857142
27,4/2/20,7016,1211,90,16,54714,12.82304346236795,6482,761.2857142857142
28,4/3/20,8420,1404,102,12,62115,13.555501891652579,7401,886.0
29,4/4/20,10017,1597,136,34,70030,14.30386977009853,7915,1038.0
30,4/5/20,11510,1493,150,14,77771,14.799861130755676,7741,1159.4285714285713
31,4/6/20,12980,1470,162,12,83854,15.479285424666687,6083,1270.4285714285713
32,4/7/20,14559,1579,240,78,91278,15.950174193124305,7424,1388.0
33,4/8/20,16239,1680,309,69,98538,16.47993667417646,7260,1490.571428571429
34,4/9/20,18228,1989,338,29,105602,17.261036722789342,7064,1601.7142857142858
35,4/10/20,19979,1751,416,78,113019,17.677558640582554,7417,1651.2857142857142
36,4/11/20,21655,1676,494,78,120153,18.022854194235684,7134,1662.571428571429
37,4/12/20,22833,1178,507,13,124890,18.282488589959165,4737,1617.571428571429
38,4/13/20,24199,1366,524,17,129792,18.644446499013807,4902,1602.7142857142858
39,4/14/20,25345,1146,584,60,133631,18.96640749526681,3839,1540.857142857143
40,4/15/20,26490,1145,647,63,137584,19.253692289801137,3953,1464.428571428571
41,4/16/20,27735,1245,707,60,141470,19.6048632218845,3886,1358.142857142857
42,4/17/20,29441,1706,756,49,147373,19.977200708406556,5903,1351.7142857142858
43,4/18/20,31069,1628,836,80,153965,20.179261520475432,6592,1344.857142857143
44,4/19/20,32284,1215,1112,276,158854,20.32306394550972,4889,1350.142857142857
45,4/20/20,33232,948,1204,92,162952,20.393735578575285,4098,1290.4285714285713
46,4/21/20,34528,1296,1564,360,166851,20.69391253273879,3899,1311.857142857143
47,4/22/20,35684,1156,1622,58,171956,20.751820233082878,5105,1313.4285714285713
48,4/23/20,37053,1369,1421,-201,179114,20.686825150462834,7158,1331.142857142857
49,4/24/20,38652,1599,1492,71,186143,20.764680917359236,7029,1315.857142857143
50,4/25/20,40049,1397,1537,45,192935,20.75776816026123,6792,1282.857142857143
51,4/26/20,41165,1116,1550,13,198593,20.72832375763496,5658,1268.7142857142858
52,4/27/20,42050,885,1597,47,203422,20.67131382053072,4829,1259.7142857142858
53,4/28/20,43264,1214,1716,119,209088,20.691766146311604,5666,1248.0
54,4/29/20,44366,1102,2195,479,214883,20.646584420358984,5795,1240.2857142857142
55,4/30/20,45763,1397,2292,97,221365,20.67309646963161,6482,1244.2857142857142
56,5/1/20,46971,1208,2354,62,227448,20.651313706869267,6083,1188.4285714285713
57,5/2/20,48305,1334,2418,64,235376,20.5224831758548,7928,1179.4285714285713
58,5/3/20,49267,962,2444,26,240641,20.473236065342146,5265,1157.4285714285713
59,5/4/20,50092,825,2458,14,245590,20.396595952603928,4949,1148.857142857143
60,5/5/20,50957,865,3012,554,250882,20.31114229000088,5292,1099.0
61,5/6/20,51845,888,3106,94,256340,20.225091675118986,5458,1068.4285714285713
62,5/7/20,52915,1070,3416,310,262788,20.136003166050198,6448,1021.7142857142856
63,5/8/20,54238,1323,3616,200,270559,20.046644170033158,7771,1038.142857142857
64,5/9/20,55316,1078,3688,72,277107,19.96196415103191,6548,1001.5714285714287
65,5/10/20,56611,1295,3707,19,284383,19.906604825182942,7276,1049.142857142857
66,5/11/20,57154,543,3731,24,288858,19.786192523662148,4475,1008.8571428571428
67,5/12/20,57991,837,3806,75,295980,19.592877897155216,7122,1004.8571428571428
68,5/13/20,58698,707,3943,137,302869,19.380656323360924,6889,979.0
69,5/14/20,59636,938,4218,275,311195,19.163546972155725,8326,960.1428571428572
70,5/15/20,60622,986,4342,124,319832,18.954326021161112,8637,912.0
71,5/16/20,61611,989,4403,61,327836,18.793238082455858,8004,899.2857142857142
72,5/17/20,62234,623,4418,15,332904,18.694278230360702,5068,803.2857142857142
73,5/18/20,63056,822,4505,87,340609,18.51272279945627,7705,843.1428571428571
74,5/19/20,63666,610,4624,119,349700,18.205890763511587,9091,810.7142857142858
75,5/20/20,63666,0,4624,0,349700,18.205890763511587,0,709.7142857142858
76,5/21/20,65392,1726,4869,245,368906,17.725924761321313,19206,822.2857142857142
77,5/22/20,66258,866,4984,115,379001,17.48227577235944,10095,805.1428571428571
78,5/23/20,66983,725,5096,112,388452,17.243571921369952,9451,767.4285714285713
79,5/24/20,67713,730,5124,28,396095,17.09514131710827,7643,782.7142857142858
80,5/25/20,68186,473,5139,15,403114,16.914818140774074,7019,732.8571428571429
81,5/26/20,68637,451,5152,13,408472,16.803354942321626,5358,710.1428571428571
82,5/27/20,69417,780,5265,113,419407,16.551225897517206,10935,821.5714285714287
83,5/28/20,70042,625,5373,108,427846,16.370843714794574,8439,664.2857142857142
84,5/29/20,71339,1297,5464,91,438309,16.275960566632214,10463,725.8571428571429
85,5/30/20,72031,692,5537,73,447772,16.08653511161931,9463,721.1428571428571
86,5/31/20,72546,515,5555,18,455657,15.921186330946306,7885,690.4285714285713
87,6/1/20,72898,352,5567,12,462329,15.767559465229304,6672,673.1428571428571
88,6/2/20,73510,612,5667,100,472871,15.545465888159773,10542,696.1428571428571
89,6/3/20,74022,512,5741,74,475391,15.570761751905275,2520,657.8571428571429
90,6/4/20,74560,538,5817,76,491502,15.169826368966964,16111,645.4285714285714
91,6/5/20,75005,445,5886,69,499206,15.024859476849235,7704,523.7142857142857
92,6/6/20,75706,701,5931,45,510828,14.820252609488909,11622,525.0
93,6/7/20,76212,506,5943,12,520385,14.645310683436303,9557,523.7142857142857
94,6/8/20,76563,351,5953,10,527950,14.501941471730278,7565,523.5714285714286
95,6/9/20,77056,493,6014,61,536304,14.36797040484501,8354,506.57142857142856
96,6/10/20,77466,410,6062,48,544430,14.228826479069856,8126,492.0
97,6/11/20,77933,467,6113,51,554372,14.057888926569165,9942,481.8571428571428
98,6/12/20,77999,66,6162,49,566384,13.771398909573715,12012,427.71428571428567
99,6/13/20,78462,463,6211,49,575051,13.644355022424099,8667,393.71428571428567
100,6/14/20,78798,336,6215,4,583233,13.51055238643904,8182,369.4285714285714
101,6/15/20,79121,323,6243,28,593030,13.341820818508337,9797,365.4285714285714
102,6/16/20,79483,362,6276,33,603092,13.179249600392644,10062,346.71428571428567
103,6/17/20,79818,335,6319,43,612831,13.024471673267186,9739,336.0
104,6/18/20,80236,418,6361,42,624068,12.856932257382207,11237,329.0
105,6/19/20,80762,526,6399,38,637218,12.67415546955673,13150,394.71428571428567
106,6/20/20,81266,504,6419,20,647727,12.546335107228815,10509,400.57142857142856
107,6/21/20,81730,464,6423,4,657745,12.425788109373693,10018,418.8571428571428
108,6/22/20,82186,456,6426,3,667848,12.306093602137015,10103,437.8571428571428
109,6/23/20,82696,510,6464,38,679103,12.17723968234568,11255,459.0
110,6/24/20,83191,495,6518,54,691408,12.032114178603662,12305,481.8571428571428
111,6/25/20,83770,579,6557,39,704801,11.885624452859744,13393,504.8571428571428
112,6/26/20,84370,600,6579,22,719081,11.733031466552449,14280,515.4285714285714
113,6/27/20,84370,0,6579,0,719081,11.733031466552449,0,443.4285714285714
114,6/28/20,85496,1126,6579,0,742982,11.507142837915321,23901,538.0
115,6/29/20,85988,492,6614,35,752889,11.421072694646888,9907,543.1428571428571
116,6/30/20,86606,618,6649,35,764187,11.333089937410607,11298,558.5714285714286
117,7/1/20,87242,636,6649,0,776804,11.230889645264444,12617,578.7142857142858
118,7/2/20,88074,832,6712,63,790273,11.144756305732322,13469,614.8571428571429
119,7/3/20,88741,667,6746,34,804144,11.035461310412066,13871,624.4285714285714
120,7/4/20,89375,634,6749,3,814823,10.968639815027313,10679,715.0
121,7/5/20,89854,479,6753,4,824700,10.895355886989208,9877,622.5714285714286
122,7/6/20,90304,450,6754,1,833324,10.836601369935343,8624,616.5714285714286
123,7/7/20,91299,995,6787,33,850102,10.739770051123276,16778,670.4285714285714
124,7/8/20,92148,849,6812,25,866526,10.634187548902169,16424,700.8571428571429
125,7/9/20,92867,719,6848,36,880023,10.552792370199416,13497,684.7142857142858
126,7/10/20,93876,1009,6880,32,898640,10.446452416985668,18617,733.5714285714287
127,7/11/20,94689,813,6897,17,912323,10.378889932622547,13683,759.1428571428571
128,7/12/20,95266,577,6904,7,924284,10.307005206192036,11961,773.1428571428571
129,7/13/20,95742,476,6911,7,931474,10.278547764081443,7190,776.8571428571429
130,7/14/20,96671,929,6931,20,947283,10.205081269272226,15809,767.4285714285713
131,7/15/20,97665,994,6957,26,968649,10.082599579414216,21366,788.1428571428571
132,7/16/20,98446,781,6973,16,983641,10.008326208443934,14992,797.0
133,7/17/20,99478,1032,6992,19,999390,9.95387186183572,15749,800.2857142857142
134,7/18/20,100241,763,7007,15,1012727,9.898126543481117,13337,793.1428571428571
135,7/19/20,101027,786,7015,8,1027379,9.833469440196849,14652,823.0
136,7/20/20,101738,711,7018,3,1039913,9.78331841221333,12534,856.5714285714287
137,7/21/20,102765,1027,7038,20,1055763,9.733718647082727,15850,870.5714285714287
138,7/22/20,103396,631,7063,25,1071477,9.649857159789713,15714,818.7142857142858
139,7/23/20,104358,962,7079,16,1085617,9.612782408528977,14140,844.5714285714287
140,7/24/20,105571,1213,7101,22,1104948,9.554386269761112,19331,870.4285714285713
141,7/25/20,106625,1054,7114,13,1123330,9.491867928391477,18382,912.0
142,7/26/20,107425,800,7118,4,1136201,9.454753164272873,12871,914.0
143,7/27/20,108264,839,7122,4,1150688,9.408632053171669,14487,932.2857142857144
144,7/28/20,109384,1120,7146,24,1169160,9.35577679701666,18472,945.5714285714287
145,7/29/20,110218,834,7162,16,1184081,9.308315900685848,14921,974.5714285714287
