,Deaths,Cases,Total Deaths,Date,7 day average
0,0,0,0,02/29/2020,0.0
1,0,0,0,03/01/2020,0.0
2,0,0,0,03/02/2020,0.0
3,0,0,0,03/03/2020,0.0
4,0,1,0,03/04/2020,0.5
5,0,3,0,03/05/2020,0.5
6,0,1,0,03/06/2020,0.7142857142857143
7,0,2,0,03/07/2020,1.0
8,0,5,0,03/08/2020,1.7142857142857142
9,0,16,0,03/09/2020,4.0
10,0,11,0,03/10/2020,5.571428571428571
11,0,31,0,03/11/2020,9.857142857142858
12,0,96,0,03/12/2020,23.142857142857142
13,0,166,0,03/13/2020,46.714285714285715
14,1,163,1,03/14/2020,69.71428571428571
15,0,433,1,03/15/2020,130.85714285714286
16,1,740,2,03/16/2020,234.28571428571428
17,4,783,6,03/17/2020,344.57142857142856
18,6,966,12,03/18/2020,478.14285714285717
19,6,1204,18,03/19/2020,636.4285714285714
20,11,1137,29,03/20/2020,775.1428571428571
21,12,554,41,03/21/2020,831.0
22,10,755,51,03/22/2020,877.0
23,27,910,78,03/23/2020,901.2857142857143
24,23,1211,101,03/24/2020,962.4285714285714
25,37,1254,138,03/25/2020,1003.5714285714286
26,50,1374,188,03/26/2020,1027.857142857143
27,75,1423,263,03/27/2020,1068.7142857142858
28,78,863,341,03/28/2020,1112.857142857143
29,89,1149,430,03/29/2020,1169.142857142857
30,106,1755,536,03/30/2020,1289.857142857143
31,126,1514,662,03/31/2020,1333.142857142857
32,135,1589,797,04/01/2020,1381.0
33,170,1613,967,04/02/2020,1415.142857142857
34,142,1441,1109,04/03/2020,1417.7142857142858
35,163,921,1272,04/04/2020,1426.0
36,167,1141,1439,04/05/2020,1424.857142857143
37,169,1462,1608,04/06/2020,1383.0
38,181,1396,1789,04/07/2020,1366.142857142857
39,173,1310,1962,04/08/2020,1326.2857142857142
40,190,1369,2152,04/09/2020,1291.4285714285713
41,178,1153,2330,04/10/2020,1250.2857142857142
42,159,1129,2489,04/11/2020,1280.0
43,200,702,2689,04/12/2020,1217.2857142857142
44,158,1065,2847,04/13/2020,1160.5714285714287
45,152,1035,2999,04/14/2020,1109.0
46,132,882,3131,04/15/2020,1047.857142857143
47,126,884,3257,04/16/2020,978.5714285714286
48,118,960,3375,04/17/2020,951.0
49,116,575,3491,04/18/2020,871.8571428571429
50,118,635,3609,04/19/2020,862.2857142857143
51,95,983,3704,04/20/2020,850.5714285714286
52,92,896,3796,04/21/2020,830.7142857142857
53,107,854,3903,04/22/2020,826.7142857142857
54,106,786,4009,04/23/2020,812.7142857142857
55,93,629,4102,04/24/2020,765.4285714285714
56,76,405,4178,04/25/2020,741.1428571428571
57,61,332,4239,04/26/2020,697.8571428571429
58,88,608,4327,04/27/2020,644.2857142857143
59,57,711,4384,04/28/2020,617.8571428571429
60,71,681,4455,04/29/2020,593.1428571428571
61,66,600,4521,04/30/2020,566.5714285714286
62,56,497,4577,05/01/2020,547.7142857142857
63,45,263,4622,05/02/2020,527.4285714285714
64,45,247,4667,05/03/2020,515.2857142857143
65,42,462,4709,05/04/2020,494.42857142857144
66,49,433,4758,05/05/2020,454.7142857142857
67,38,450,4796,05/06/2020,421.7142857142857
68,46,403,4842,05/07/2020,393.57142857142856
69,43,344,4885,05/08/2020,371.7142857142857
70,28,119,4913,05/09/2020,351.14285714285717
71,26,188,4939,05/10/2020,342.7142857142857
72,33,410,4972,05/11/2020,335.2857142857143
73,33,400,5005,05/12/2020,330.57142857142856
74,23,362,5028,05/13/2020,318.0
75,14,334,5042,05/14/2020,308.14285714285717
76,27,259,5069,05/15/2020,296.0
77,24,165,5093,05/16/2020,302.57142857142856
78,19,137,5112,05/17/2020,295.2857142857143
79,17,266,5129,05/18/2020,274.7142857142857
80,16,328,5145,05/19/2020,264.42857142857144
81,21,323,5166,05/20/2020,258.85714285714283
82,15,336,5181,05/21/2020,259.14285714285717
83,15,351,5196,05/22/2020,272.2857142857143
84,20,143,5216,05/23/2020,269.14285714285717
85,12,161,5228,05/24/2020,272.57142857142856
86,14,160,5242,05/25/2020,257.42857142857144
87,12,320,5254,05/26/2020,256.2857142857143
88,10,246,5264,05/27/2020,245.28571428571428
89,12,221,5276,05/28/2020,228.85714285714286
90,16,167,5292,05/29/2020,202.57142857142858
91,10,106,5302,05/30/2020,197.28571428571428
92,11,84,5313,05/31/2020,186.28571428571428
93,10,252,5323,06/01/2020,199.42857142857142
94,6,185,5329,06/02/2020,180.14285714285714
95,13,133,5342,06/03/2020,164.0
96,10,131,5352,06/04/2020,151.14285714285714
97,6,132,5358,06/05/2020,146.14285714285714
98,10,59,5368,06/06/2020,139.42857142857142
99,6,52,5374,06/07/2020,134.85714285714286
100,13,112,5387,06/08/2020,114.85714285714286
101,6,121,5393,06/09/2020,105.71428571428571
102,11,97,5404,06/10/2020,100.57142857142857
103,4,114,5408,06/11/2020,98.14285714285714
104,6,123,5414,06/12/2020,96.85714285714286
105,4,52,5418,06/13/2020,95.85714285714286
106,7,54,5425,06/14/2020,96.14285714285714
107,4,103,5429,06/15/2020,94.85714285714286
108,5,133,5434,06/16/2020,96.57142857142857
109,7,113,5441,06/17/2020,98.85714285714286
110,4,112,5445,06/18/2020,98.57142857142857
111,3,91,5448,06/19/2020,94.0
112,3,47,5451,06/20/2020,93.28571428571429
113,6,54,5457,06/21/2020,93.28571428571429
114,6,109,5463,06/22/2020,94.14285714285714
115,9,95,5472,06/23/2020,88.71428571428571
116,10,102,5482,06/24/2020,87.14285714285714
117,5,82,5487,06/25/2020,82.85714285714286
118,3,94,5490,06/26/2020,83.28571428571429
119,11,70,5501,06/27/2020,86.57142857142857
120,1,58,5502,06/28/2020,87.14285714285714
121,3,127,5505,06/29/2020,89.71428571428571
122,4,128,5509,06/30/2020,94.42857142857143
123,5,120,5514,07/01/2020,97.0
124,3,128,5517,07/02/2020,103.57142857142857
125,4,74,5521,07/03/2020,100.71428571428571
126,6,23,5527,07/04/2020,94.0
127,4,53,5531,07/05/2020,93.28571428571429
128,4,142,5535,07/06/2020,95.42857142857143
129,4,123,5539,07/07/2020,94.71428571428571
130,4,121,5543,07/08/2020,94.85714285714286
131,4,104,5547,07/09/2020,91.42857142857143
132,2,91,5549,07/10/2020,93.85714285714286
133,2,72,5551,07/11/2020,100.85714285714286
134,2,56,5553,07/12/2020,101.28571428571429
135,1,123,5554,07/13/2020,98.57142857142857
136,4,111,5558,07/14/2020,96.85714285714286
137,2,150,5560,07/15/2020,101.0
138,3,90,5563,07/16/2020,99.0
139,0,105,5563,07/17/2020,101.0
140,4,58,5567,07/18/2020,99.0
141,3,40,5570,07/19/2020,96.71428571428571
142,4,87,5574,07/20/2020,91.57142857142857
143,5,79,5579,07/21/2020,87.0
144,1,96,5580,07/22/2020,79.28571428571429
145,5,85,5585,07/23/2020,78.57142857142857
146,2,68,5587,07/24/2020,73.28571428571429
147,2,35,5589,07/25/2020,70.0
148,4,40,5593,07/26/2020,70.0
149,2,80,5595,07/27/2020,69.0
150,1,106,5596,07/28/2020,72.85714285714286
151,1,72,5597,07/29/2020,69.42857142857143
152,2,98,5599,07/30/2020,71.28571428571429
153,1,79,5600,07/31/2020,72.85714285714286
154,3,58,5603,08/01/2020,76.14285714285714
155,2,41,5605,08/02/2020,76.28571428571429
156,0,93,5605,08/03/2020,78.14285714285714
157,1,49,5606,08/04/2020,70.0
158,0,94,5606,08/05/2020,73.14285714285714
159,2,88,5608,08/06/2020,71.71428571428571
160,0,91,5608,08/07/2020,73.42857142857143
161,1,59,5609,08/08/2020,73.57142857142857
162,0,48,5609,08/09/2020,74.57142857142857
163,1,75,5610,08/10/2020,72.0
164,1,82,5611,08/11/2020,76.71428571428571
165,0,114,5611,08/12/2020,79.57142857142857
166,2,87,5613,08/13/2020,79.42857142857143
167,0,80,5613,08/14/2020,77.85714285714286
168,2,33,5615,08/15/2020,74.14285714285714
169,1,49,5616,08/16/2020,74.28571428571429
170,1,96,5617,08/17/2020,77.28571428571429
171,0,66,5617,08/18/2020,75.0
172,1,68,5618,08/19/2020,68.42857142857143
173,3,55,5621,08/20/2020,63.857142857142854
174,0,75,5621,08/21/2020,63.142857142857146
175,2,36,5623,08/22/2020,63.57142857142857
176,0,55,5623,08/23/2020,64.42857142857143
177,1,85,5624,08/24/2020,62.857142857142854
178,2,84,5626,08/25/2020,65.42857142857143
179,1,116,5627,08/26/2020,72.28571428571429
180,0,99,5627,08/27/2020,78.57142857142857
181,1,79,5628,08/28/2020,79.14285714285714
182,1,38,5629,08/29/2020,79.42857142857143
183,2,60,5631,08/30/2020,80.14285714285714
184,0,116,5631,08/31/2020,84.57142857142857
185,0,92,5631,09/01/2020,85.71428571428571
186,3,96,5634,09/02/2020,82.85714285714286
187,2,91,5636,09/03/2020,81.71428571428571
188,1,71,5637,09/04/2020,80.57142857142857
189,3,47,5640,09/05/2020,81.85714285714286
190,2,89,5642,09/06/2020,86.0
191,0,74,5642,09/07/2020,80.0
192,1,128,5643,09/08/2020,85.14285714285714
193,0,120,5643,09/09/2020,88.57142857142857
194,1,124,5644,09/10/2020,93.28571428571429
195,2,111,5646,09/11/2020,99.0
196,0,50,5646,09/12/2020,99.42857142857143
197,2,119,5648,09/13/2020,103.71428571428571
198,2,167,5650,09/14/2020,117.0
199,0,152,5650,09/15/2020,120.42857142857143
200,0,167,5650,09/16/2020,127.14285714285714
201,1,124,5651,09/17/2020,127.14285714285714
202,2,109,5653,09/18/2020,126.85714285714286
203,2,36,5655,09/19/2020,124.85714285714286
204,3,61,5658,09/20/2020,116.57142857142857
205,1,249,5659,09/21/2020,128.28571428571428
206,3,174,5662,09/22/2020,131.42857142857142
207,1,240,5663,09/23/2020,141.85714285714286
208,1,233,5664,09/24/2020,157.42857142857142
209,0,187,5664,09/25/2020,168.57142857142858
210,1,107,5665,09/26/2020,178.71428571428572
211,2,184,5667,09/27/2020,196.28571428571428
212,1,140,5668,09/28/2020,180.71428571428572
213,2,335,5670,09/29/2020,203.71428571428572
214,4,275,5674,09/30/2020,208.71428571428572
215,1,296,5675,10/01/2020,217.71428571428572
216,1,265,5676,10/02/2020,228.85714285714286
217,1,81,5677,10/03/2020,225.14285714285714
218,3,164,5680,10/04/2020,222.28571428571428
219,0,441,5680,10/05/2020,265.2857142857143
220,2,249,5682,10/06/2020,253.0
221,1,224,5683,10/07/2020,245.71428571428572
222,3,217,5686,10/08/2020,234.42857142857142
223,0,186,5686,10/09/2020,223.14285714285714
224,0,95,5686,10/10/2020,225.14285714285714
225,2,113,5688,10/11/2020,217.85714285714286
226,1,223,5689,10/12/2020,186.71428571428572
227,3,224,5692,10/13/2020,183.14285714285714
228,3,210,5695,10/14/2020,181.14285714285714
229,2,237,5697,10/15/2020,184.0
230,3,163,5700,10/16/2020,180.71428571428572
231,3,89,5703,10/17/2020,179.85714285714286
232,1,175,5704,10/18/2020,188.71428571428572
233,6,204,5710,10/19/2020,186.0
234,2,218,5712,10/20/2020,185.14285714285714
235,3,201,5715,10/21/2020,183.85714285714286
236,2,244,5717,10/22/2020,184.85714285714286
237,0,199,5717,10/23/2020,190.0
238,0,120,5717,10/24/2020,194.42857142857142
239,3,130,5720,10/25/2020,188.0
240,2,219,5722,10/26/2020,190.14285714285714
241,3,235,5725,10/27/2020,192.57142857142858
242,3,225,5728,10/28/2020,196.0
243,2,191,5730,10/29/2020,188.42857142857142
244,4,193,5734,10/30/2020,187.57142857142858
245,2,118,5736,10/31/2020,187.28571428571428
246,9,232,5745,11/01/2020,201.85714285714286
247,7,341,5752,11/02/2020,219.28571428571428
248,6,312,5758,11/03/2020,230.28571428571428
249,6,312,5764,11/04/2020,242.71428571428572
250,4,312,5768,11/05/2020,260.0
251,2,233,5770,11/06/2020,265.7142857142857
252,5,222,5775,11/07/2020,280.57142857142856
253,2,226,5777,11/08/2020,279.7142857142857
254,1,416,5778,11/09/2020,290.42857142857144
255,2,451,5780,11/10/2020,310.2857142857143
256,2,381,5782,11/11/2020,320.14285714285717
257,6,385,5788,11/12/2020,330.57142857142856
258,1,352,5789,11/13/2020,347.57142857142856
259,5,236,5794,11/14/2020,349.57142857142856
260,6,230,5800,11/15/2020,350.14285714285717
261,1,489,5801,11/16/2020,360.57142857142856
262,3,479,5804,11/17/2020,364.57142857142856
263,3,451,5807,11/18/2020,374.57142857142856
264,6,485,5813,11/19/2020,388.85714285714283
265,2,428,5815,11/20/2020,399.7142857142857
266,3,353,5818,11/21/2020,416.42857142857144
267,2,338,5820,11/22/2020,431.85714285714283
268,6,560,5826,11/23/2020,442.0
269,2,541,5828,11/24/2020,450.85714285714283
270,3,604,5831,11/25/2020,472.7142857142857
271,3,236,5834,11/26/2020,437.14285714285717
272,3,584,5837,11/27/2020,459.42857142857144
273,3,437,5840,11/28/2020,471.42857142857144
274,2,492,5842,11/29/2020,493.42857142857144
275,3,825,5845,11/30/2020,531.2857142857143
276,3,850,5848,12/01/2020,575.4285714285714
277,8,762,5856,12/02/2020,598.0
278,3,771,5859,12/03/2020,674.4285714285714
279,4,688,5863,12/04/2020,689.2857142857143
280,6,421,5869,12/05/2020,687.0
281,2,434,5871,12/06/2020,678.7142857142857
282,7,465,5878,12/07/2020,627.2857142857143
