,Deaths,Cases,Total Deaths,Date,7 day average
0,0,0,0,02/29/2020,0.0
1,0,0,0,03/01/2020,0.0
2,0,0,0,03/02/2020,0.0
3,0,0,0,03/03/2020,0.0
4,0,1,0,03/04/2020,0.5
5,0,3,0,03/05/2020,0.5
6,0,1,0,03/06/2020,0.7142857142857143
7,0,2,0,03/07/2020,1.0
8,0,5,0,03/08/2020,1.7142857142857142
9,0,16,0,03/09/2020,4.0
10,0,11,0,03/10/2020,5.571428571428571
11,0,31,0,03/11/2020,9.857142857142858
12,0,96,0,03/12/2020,23.142857142857142
13,0,166,0,03/13/2020,46.714285714285715
14,1,164,1,03/14/2020,69.85714285714286
15,0,433,1,03/15/2020,131.0
16,1,740,2,03/16/2020,234.42857142857142
17,4,785,6,03/17/2020,345.0
18,6,971,12,03/18/2020,479.2857142857143
19,6,1206,18,03/19/2020,637.8571428571429
20,11,1139,29,03/20/2020,776.8571428571429
21,12,555,41,03/21/2020,832.7142857142857
22,10,756,51,03/22/2020,878.8571428571429
23,27,908,78,03/23/2020,902.8571428571429
24,23,1212,101,03/24/2020,963.8571428571429
25,36,1244,137,03/25/2020,1002.8571428571429
26,50,1377,187,03/26/2020,1027.2857142857142
27,75,1430,262,03/27/2020,1068.857142857143
28,78,862,340,03/28/2020,1112.7142857142858
29,90,1146,430,03/29/2020,1168.4285714285713
30,106,1756,536,03/30/2020,1289.5714285714287
31,126,1519,662,03/31/2020,1333.4285714285713
32,136,1608,798,04/01/2020,1385.4285714285713
33,168,1642,966,04/02/2020,1423.2857142857142
34,141,1448,1107,04/03/2020,1425.857142857143
35,163,921,1270,04/04/2020,1434.2857142857142
36,167,1150,1437,04/05/2020,1434.857142857143
37,169,1499,1606,04/06/2020,1398.142857142857
38,179,1420,1785,04/07/2020,1384.0
39,172,1323,1957,04/08/2020,1343.2857142857142
40,190,1373,2147,04/09/2020,1304.857142857143
41,178,1158,2325,04/10/2020,1263.4285714285713
42,160,1130,2485,04/11/2020,1293.2857142857142
43,200,701,2685,04/12/2020,1229.142857142857
44,159,1065,2844,04/13/2020,1167.142857142857
45,153,1037,2997,04/14/2020,1112.4285714285713
46,131,883,3128,04/15/2020,1049.5714285714287
47,126,883,3254,04/16/2020,979.5714285714286
48,118,959,3372,04/17/2020,951.1428571428571
49,117,575,3489,04/18/2020,871.8571428571429
50,118,636,3607,04/19/2020,862.5714285714286
51,95,982,3702,04/20/2020,850.7142857142857
52,91,899,3793,04/21/2020,831.0
53,108,853,3901,04/22/2020,826.7142857142857
54,106,791,4007,04/23/2020,813.5714285714286
55,93,629,4100,04/24/2020,766.4285714285714
56,76,404,4176,04/25/2020,742.0
57,61,332,4237,04/26/2020,698.5714285714286
58,88,610,4325,04/27/2020,645.4285714285714
59,57,715,4382,04/28/2020,619.1428571428571
60,72,682,4454,04/29/2020,594.7142857142857
61,66,600,4520,04/30/2020,567.4285714285714
62,55,498,4575,05/01/2020,548.7142857142857
63,46,264,4621,05/02/2020,528.7142857142857
64,46,248,4667,05/03/2020,516.7142857142857
65,42,462,4709,05/04/2020,495.57142857142856
66,49,434,4758,05/05/2020,455.42857142857144
67,38,452,4796,05/06/2020,422.57142857142856
68,45,402,4841,05/07/2020,394.2857142857143
69,43,349,4884,05/08/2020,373.0
70,28,122,4912,05/09/2020,352.7142857142857
71,26,191,4938,05/10/2020,344.57142857142856
72,32,410,4970,05/11/2020,337.14285714285717
73,33,400,5003,05/12/2020,332.2857142857143
74,23,364,5026,05/13/2020,319.7142857142857
75,14,332,5040,05/14/2020,309.7142857142857
76,26,259,5066,05/15/2020,296.85714285714283
77,24,165,5090,05/16/2020,303.0
78,19,137,5109,05/17/2020,295.2857142857143
79,16,269,5125,05/18/2020,275.14285714285717
80,16,329,5141,05/19/2020,265.0
81,21,325,5162,05/20/2020,259.42857142857144
82,15,345,5177,05/21/2020,261.2857142857143
83,14,387,5191,05/22/2020,279.57142857142856
84,20,163,5211,05/23/2020,279.2857142857143
85,12,179,5223,05/24/2020,285.2857142857143
86,14,174,5237,05/25/2020,271.7142857142857
87,11,339,5248,05/26/2020,273.14285714285717
88,11,260,5259,05/27/2020,263.85714285714283
89,12,228,5271,05/28/2020,247.14285714285714
90,16,173,5287,05/29/2020,216.57142857142858
91,11,111,5298,05/30/2020,209.14285714285714
92,11,81,5309,05/31/2020,195.14285714285714
93,10,253,5319,06/01/2020,206.42857142857142
94,6,198,5325,06/02/2020,186.28571428571428
95,13,145,5338,06/03/2020,169.85714285714286
96,10,143,5348,06/04/2020,157.71428571428572
97,6,132,5354,06/05/2020,151.85714285714286
98,10,60,5364,06/06/2020,144.57142857142858
99,5,54,5369,06/07/2020,140.71428571428572
100,13,114,5382,06/08/2020,120.85714285714286
101,7,129,5389,06/09/2020,111.0
102,11,99,5400,06/10/2020,104.42857142857143
103,5,108,5405,06/11/2020,99.42857142857143
104,6,124,5411,06/12/2020,98.28571428571429
105,4,54,5415,06/13/2020,97.42857142857143
106,7,55,5422,06/14/2020,97.57142857142857
107,4,111,5426,06/15/2020,97.14285714285714
108,5,135,5431,06/16/2020,98.0
109,7,109,5438,06/17/2020,99.42857142857143
110,4,112,5442,06/18/2020,100.0
111,3,91,5445,06/19/2020,95.28571428571429
112,4,45,5449,06/20/2020,94.0
113,6,52,5455,06/21/2020,93.57142857142857
114,7,109,5462,06/22/2020,93.28571428571429
115,9,96,5471,06/23/2020,87.71428571428571
116,11,100,5482,06/24/2020,86.42857142857143
117,6,81,5488,06/25/2020,82.0
118,4,94,5492,06/26/2020,82.42857142857143
119,11,68,5503,06/27/2020,85.71428571428571
120,1,58,5504,06/28/2020,86.57142857142857
121,5,126,5509,06/29/2020,89.0
122,5,134,5514,06/30/2020,94.42857142857143
123,5,120,5519,07/01/2020,97.28571428571429
124,4,124,5523,07/02/2020,103.42857142857143
125,6,71,5529,07/03/2020,100.14285714285714
126,6,23,5535,07/04/2020,93.71428571428571
127,5,53,5540,07/05/2020,93.0
128,5,142,5545,07/06/2020,95.28571428571429
129,4,121,5549,07/07/2020,93.42857142857143
130,5,123,5554,07/08/2020,93.85714285714286
131,4,104,5558,07/09/2020,91.0
132,3,89,5561,07/10/2020,93.57142857142857
133,2,72,5563,07/11/2020,100.57142857142857
134,4,53,5567,07/12/2020,100.57142857142857
135,2,112,5569,07/13/2020,96.28571428571429
136,3,97,5572,07/14/2020,92.85714285714286
137,2,114,5574,07/15/2020,91.57142857142857
138,3,67,5577,07/16/2020,86.28571428571429
139,1,70,5578,07/17/2020,83.57142857142857
140,4,33,5582,07/18/2020,78.0
141,2,24,5584,07/19/2020,73.85714285714286
142,5,47,5589,07/20/2020,64.57142857142857
143,4,58,5593,07/21/2020,59.0
144,1,57,5594,07/22/2020,50.857142857142854
145,4,46,5598,07/23/2020,47.857142857142854
146,2,38,5600,07/24/2020,43.285714285714285
147,1,12,5601,07/25/2020,40.285714285714285
148,0,9,5601,07/26/2020,38.142857142857146
149,0,6,5601,07/27/2020,32.285714285714285
