,Deaths,Cases,Total Deaths,Date,7 day average
0,0,0,0,02/29/2020,0.0
1,0,0,0,03/01/2020,0.0
2,0,0,0,03/02/2020,0.0
3,0,0,0,03/03/2020,0.0
4,0,1,0,03/04/2020,0.5
5,0,3,0,03/05/2020,0.5
6,0,1,0,03/06/2020,0.7142857142857143
7,0,2,0,03/07/2020,1.0
8,0,5,0,03/08/2020,1.7142857142857142
9,0,16,0,03/09/2020,4.0
10,0,11,0,03/10/2020,5.571428571428571
11,0,31,0,03/11/2020,9.857142857142858
12,0,96,0,03/12/2020,23.142857142857142
13,0,166,0,03/13/2020,46.714285714285715
14,1,164,1,03/14/2020,69.85714285714286
15,0,433,1,03/15/2020,131.0
16,1,741,2,03/16/2020,234.57142857142858
17,4,785,6,03/17/2020,345.14285714285717
18,6,970,12,03/18/2020,479.2857142857143
19,6,1205,18,03/19/2020,637.7142857142857
20,11,1139,29,03/20/2020,776.7142857142857
21,12,555,41,03/21/2020,832.5714285714286
22,10,756,51,03/22/2020,878.7142857142857
23,27,908,78,03/23/2020,902.5714285714286
24,23,1212,101,03/24/2020,963.5714285714286
25,36,1244,137,03/25/2020,1002.7142857142857
26,50,1378,187,03/26/2020,1027.4285714285713
27,75,1429,262,03/27/2020,1068.857142857143
28,78,863,340,03/28/2020,1112.857142857143
29,90,1146,430,03/29/2020,1168.5714285714287
30,106,1757,536,03/30/2020,1289.857142857143
31,126,1517,662,03/31/2020,1333.4285714285713
32,136,1608,798,04/01/2020,1385.4285714285713
33,168,1642,966,04/02/2020,1423.142857142857
34,141,1448,1107,04/03/2020,1425.857142857143
35,163,921,1270,04/04/2020,1434.142857142857
36,167,1150,1437,04/05/2020,1434.7142857142858
37,169,1500,1606,04/06/2020,1398.0
38,179,1421,1785,04/07/2020,1384.2857142857142
39,172,1322,1957,04/08/2020,1343.4285714285713
40,189,1373,2146,04/09/2020,1305.0
41,178,1157,2324,04/10/2020,1263.4285714285713
42,160,1131,2484,04/11/2020,1293.4285714285713
43,200,701,2684,04/12/2020,1229.2857142857142
44,158,1065,2842,04/13/2020,1167.142857142857
45,153,1037,2995,04/14/2020,1112.2857142857142
46,131,883,3126,04/15/2020,1049.5714285714287
47,126,883,3252,04/16/2020,979.5714285714286
48,118,959,3370,04/17/2020,951.2857142857143
49,117,575,3487,04/18/2020,871.8571428571429
50,118,636,3605,04/19/2020,862.5714285714286
51,95,982,3700,04/20/2020,850.7142857142857
52,91,899,3791,04/21/2020,831.0
53,108,853,3899,04/22/2020,826.7142857142857
54,106,791,4005,04/23/2020,813.5714285714286
55,93,629,4098,04/24/2020,766.4285714285714
56,76,404,4174,04/25/2020,742.0
57,61,332,4235,04/26/2020,698.5714285714286
58,88,609,4323,04/27/2020,645.2857142857143
59,57,715,4380,04/28/2020,619.0
60,72,682,4452,04/29/2020,594.5714285714286
61,66,600,4518,04/30/2020,567.2857142857143
62,55,498,4573,05/01/2020,548.5714285714286
63,46,264,4619,05/02/2020,528.5714285714286
64,46,248,4665,05/03/2020,516.5714285714286
65,42,463,4707,05/04/2020,495.7142857142857
66,49,434,4756,05/05/2020,455.57142857142856
67,38,452,4794,05/06/2020,422.7142857142857
68,45,401,4839,05/07/2020,394.2857142857143
69,43,349,4882,05/08/2020,373.0
70,28,122,4910,05/09/2020,352.7142857142857
71,26,191,4936,05/10/2020,344.57142857142856
72,32,410,4968,05/11/2020,337.0
73,33,400,5001,05/12/2020,332.14285714285717
74,23,364,5024,05/13/2020,319.57142857142856
75,14,333,5038,05/14/2020,309.85714285714283
76,26,260,5064,05/15/2020,297.14285714285717
77,24,165,5088,05/16/2020,303.2857142857143
78,19,138,5107,05/17/2020,295.7142857142857
79,15,269,5122,05/18/2020,275.57142857142856
80,16,330,5138,05/19/2020,265.57142857142856
81,21,326,5159,05/20/2020,260.14285714285717
82,15,345,5174,05/21/2020,261.85714285714283
83,14,387,5188,05/22/2020,280.0
84,20,163,5208,05/23/2020,279.7142857142857
85,12,178,5220,05/24/2020,285.42857142857144
86,14,174,5234,05/25/2020,271.85714285714283
87,11,339,5245,05/26/2020,273.14285714285717
88,11,260,5256,05/27/2020,263.7142857142857
89,12,226,5268,05/28/2020,246.71428571428572
90,16,172,5284,05/29/2020,216.0
91,11,111,5295,05/30/2020,208.57142857142858
92,11,81,5306,05/31/2020,194.71428571428572
93,10,253,5316,06/01/2020,206.0
94,6,198,5322,06/02/2020,185.85714285714286
95,13,145,5335,06/03/2020,169.42857142857142
96,10,143,5345,06/04/2020,157.57142857142858
97,6,132,5351,06/05/2020,151.85714285714286
98,10,60,5361,06/06/2020,144.57142857142858
99,5,54,5366,06/07/2020,140.71428571428572
100,13,113,5379,06/08/2020,120.71428571428571
101,7,129,5386,06/09/2020,110.85714285714286
102,11,99,5397,06/10/2020,104.28571428571429
103,5,108,5402,06/11/2020,99.28571428571429
104,6,124,5408,06/12/2020,98.14285714285714
105,4,54,5412,06/13/2020,97.28571428571429
106,7,55,5419,06/14/2020,97.42857142857143
107,4,111,5423,06/15/2020,97.14285714285714
108,5,134,5428,06/16/2020,97.85714285714286
109,7,108,5435,06/17/2020,99.14285714285714
110,4,112,5439,06/18/2020,99.71428571428571
111,3,90,5442,06/19/2020,94.85714285714286
112,4,45,5446,06/20/2020,93.57142857142857
113,6,52,5452,06/21/2020,93.14285714285714
114,7,109,5459,06/22/2020,92.85714285714286
115,9,95,5468,06/23/2020,87.28571428571429
116,11,100,5479,06/24/2020,86.14285714285714
117,6,82,5485,06/25/2020,81.85714285714286
118,4,93,5489,06/26/2020,82.28571428571429
119,11,66,5500,06/27/2020,85.28571428571429
120,1,58,5501,06/28/2020,86.14285714285714
121,5,126,5506,06/29/2020,88.57142857142857
122,5,134,5511,06/30/2020,94.14285714285714
123,5,120,5516,07/01/2020,97.0
124,4,125,5520,07/02/2020,103.14285714285714
125,6,71,5526,07/03/2020,100.0
126,6,22,5532,07/04/2020,93.71428571428571
127,5,55,5537,07/05/2020,93.28571428571429
128,5,125,5542,07/06/2020,93.14285714285714
129,4,100,5546,07/07/2020,88.28571428571429
130,5,104,5551,07/08/2020,86.0
131,3,78,5554,07/09/2020,79.28571428571429
132,3,68,5557,07/10/2020,78.85714285714286
133,2,56,5559,07/11/2020,83.71428571428571
134,4,37,5563,07/12/2020,81.14285714285714
135,2,86,5565,07/13/2020,75.57142857142857
136,3,75,5568,07/14/2020,72.0
137,0,83,5568,07/15/2020,69.0
138,1,46,5569,07/16/2020,64.42857142857143
139,0,34,5569,07/17/2020,59.57142857142857
140,1,12,5570,07/18/2020,53.285714285714285
141,0,1,5570,07/19/2020,48.142857142857146
