,Deaths,Cases,Total Deaths,Date,7 day average
0,0,0,0,02/29/2020,0.0
1,0,0,0,03/01/2020,0.0
2,0,0,0,03/02/2020,0.0
3,0,0,0,03/03/2020,0.0
4,0,1,0,03/04/2020,0.5
5,0,3,0,03/05/2020,0.5
6,0,1,0,03/06/2020,0.7142857142857143
7,0,2,0,03/07/2020,1.0
8,0,5,0,03/08/2020,1.7142857142857142
9,0,16,0,03/09/2020,4.0
10,0,11,0,03/10/2020,5.571428571428571
11,0,31,0,03/11/2020,9.857142857142858
12,0,96,0,03/12/2020,23.142857142857142
13,0,166,0,03/13/2020,46.714285714285715
14,1,163,1,03/14/2020,69.71428571428571
15,0,433,1,03/15/2020,130.85714285714286
16,1,740,2,03/16/2020,234.28571428571428
17,4,783,6,03/17/2020,344.57142857142856
18,6,966,12,03/18/2020,478.14285714285717
19,6,1204,18,03/19/2020,636.4285714285714
20,11,1137,29,03/20/2020,775.1428571428571
21,12,554,41,03/21/2020,831.0
22,10,755,51,03/22/2020,877.0
23,27,910,78,03/23/2020,901.2857142857143
24,23,1212,101,03/24/2020,962.5714285714286
25,37,1254,138,03/25/2020,1003.7142857142857
26,50,1375,188,03/26/2020,1028.142857142857
27,75,1423,263,03/27/2020,1069.0
28,78,864,341,03/28/2020,1113.2857142857142
29,89,1149,430,03/29/2020,1169.5714285714287
30,106,1754,536,03/30/2020,1290.142857142857
31,126,1513,662,03/31/2020,1333.142857142857
32,135,1589,797,04/01/2020,1381.0
33,171,1613,968,04/02/2020,1415.0
34,142,1441,1110,04/03/2020,1417.5714285714287
35,163,922,1273,04/04/2020,1425.857142857143
36,166,1141,1439,04/05/2020,1424.7142857142858
37,169,1463,1608,04/06/2020,1383.142857142857
38,181,1395,1789,04/07/2020,1366.2857142857142
39,172,1310,1961,04/08/2020,1326.4285714285713
40,188,1369,2149,04/09/2020,1291.5714285714287
41,178,1152,2327,04/10/2020,1250.2857142857142
42,159,1129,2486,04/11/2020,1279.857142857143
43,201,701,2687,04/12/2020,1217.0
44,158,1065,2845,04/13/2020,1160.142857142857
45,151,1035,2996,04/14/2020,1108.7142857142858
46,132,882,3128,04/15/2020,1047.5714285714287
47,126,884,3254,04/16/2020,978.2857142857143
48,118,959,3372,04/17/2020,950.7142857142857
49,116,575,3488,04/18/2020,871.5714285714286
50,118,635,3606,04/19/2020,862.1428571428571
51,95,983,3701,04/20/2020,850.4285714285714
52,92,896,3793,04/21/2020,830.5714285714286
53,107,854,3900,04/22/2020,826.5714285714286
54,106,786,4006,04/23/2020,812.5714285714286
55,93,629,4099,04/24/2020,765.4285714285714
56,76,404,4175,04/25/2020,741.0
57,61,332,4236,04/26/2020,697.7142857142857
58,88,608,4324,04/27/2020,644.1428571428571
59,57,711,4381,04/28/2020,617.7142857142857
60,71,681,4452,04/29/2020,593.0
61,65,600,4517,04/30/2020,566.4285714285714
62,56,497,4573,05/01/2020,547.5714285714286
63,45,263,4618,05/02/2020,527.4285714285714
64,45,247,4663,05/03/2020,515.2857142857143
65,42,462,4705,05/04/2020,494.42857142857144
66,49,433,4754,05/05/2020,454.7142857142857
67,38,450,4792,05/06/2020,421.7142857142857
68,46,403,4838,05/07/2020,393.57142857142856
69,43,344,4881,05/08/2020,371.7142857142857
70,28,119,4909,05/09/2020,351.14285714285717
71,26,188,4935,05/10/2020,342.7142857142857
72,33,410,4968,05/11/2020,335.2857142857143
73,33,400,5001,05/12/2020,330.57142857142856
74,23,362,5024,05/13/2020,318.0
75,14,335,5038,05/14/2020,308.2857142857143
76,27,259,5065,05/15/2020,296.14285714285717
77,24,165,5089,05/16/2020,302.7142857142857
78,19,137,5108,05/17/2020,295.42857142857144
79,17,266,5125,05/18/2020,274.85714285714283
80,16,328,5141,05/19/2020,264.57142857142856
81,21,323,5162,05/20/2020,259.0
82,15,336,5177,05/21/2020,259.14285714285717
83,15,350,5192,05/22/2020,272.14285714285717
84,20,143,5212,05/23/2020,269.0
85,12,161,5224,05/24/2020,272.42857142857144
86,14,160,5238,05/25/2020,257.2857142857143
87,12,319,5250,05/26/2020,256.0
88,11,246,5261,05/27/2020,245.0
89,12,221,5273,05/28/2020,228.57142857142858
90,16,167,5289,05/29/2020,202.42857142857142
91,10,105,5299,05/30/2020,197.0
92,11,84,5310,05/31/2020,186.0
93,10,252,5320,06/01/2020,199.14285714285714
94,6,184,5326,06/02/2020,179.85714285714286
95,13,133,5339,06/03/2020,163.71428571428572
96,10,130,5349,06/04/2020,150.71428571428572
97,6,132,5355,06/05/2020,145.71428571428572
98,10,59,5365,06/06/2020,139.14285714285714
99,6,52,5371,06/07/2020,134.57142857142858
100,13,112,5384,06/08/2020,114.57142857142857
101,6,121,5390,06/09/2020,105.57142857142857
102,11,97,5401,06/10/2020,100.42857142857143
103,4,113,5405,06/11/2020,98.0
104,6,123,5411,06/12/2020,96.71428571428571
105,4,52,5415,06/13/2020,95.71428571428571
106,6,53,5421,06/14/2020,95.85714285714286
107,4,102,5425,06/15/2020,94.42857142857143
108,5,133,5430,06/16/2020,96.14285714285714
109,6,114,5436,06/17/2020,98.57142857142857
110,4,112,5440,06/18/2020,98.42857142857143
111,3,91,5443,06/19/2020,93.85714285714286
112,3,46,5446,06/20/2020,93.0
113,6,54,5452,06/21/2020,93.14285714285714
114,5,110,5457,06/22/2020,94.28571428571429
115,5,95,5462,06/23/2020,88.85714285714286
116,6,101,5468,06/24/2020,87.0
117,4,82,5472,06/25/2020,82.71428571428571
118,3,94,5475,06/26/2020,83.14285714285714
119,7,70,5482,06/27/2020,86.57142857142857
120,1,58,5483,06/28/2020,87.14285714285714
121,3,127,5486,06/29/2020,89.57142857142857
122,2,128,5488,06/30/2020,94.28571428571429
123,3,120,5491,07/01/2020,97.0
124,3,127,5494,07/02/2020,103.42857142857143
125,3,72,5497,07/03/2020,100.28571428571429
126,3,23,5500,07/04/2020,93.57142857142857
127,3,53,5503,07/05/2020,92.85714285714286
128,2,142,5505,07/06/2020,95.0
129,2,123,5507,07/07/2020,94.28571428571429
130,3,121,5510,07/08/2020,94.42857142857143
131,4,104,5514,07/09/2020,91.14285714285714
132,2,90,5516,07/10/2020,93.71428571428571
133,2,73,5518,07/11/2020,100.85714285714286
134,2,55,5520,07/12/2020,101.14285714285714
135,1,123,5521,07/13/2020,98.42857142857143
136,4,111,5525,07/14/2020,96.71428571428571
137,2,149,5527,07/15/2020,100.71428571428571
138,1,90,5528,07/16/2020,98.71428571428571
139,0,105,5528,07/17/2020,100.85714285714286
140,4,58,5532,07/18/2020,98.71428571428571
141,3,40,5535,07/19/2020,96.57142857142857
142,3,85,5538,07/20/2020,91.14285714285714
143,3,79,5541,07/21/2020,86.57142857142857
144,1,96,5542,07/22/2020,79.0
145,4,84,5546,07/23/2020,78.14285714285714
146,2,68,5548,07/24/2020,72.85714285714286
147,2,35,5550,07/25/2020,69.57142857142857
148,4,40,5554,07/26/2020,69.57142857142857
149,1,79,5555,07/27/2020,68.71428571428571
150,1,106,5556,07/28/2020,72.57142857142857
151,1,73,5557,07/29/2020,69.28571428571429
152,2,98,5559,07/30/2020,71.28571428571429
153,1,79,5560,07/31/2020,72.85714285714286
154,3,58,5563,08/01/2020,76.14285714285714
155,2,41,5565,08/02/2020,76.28571428571429
156,0,93,5565,08/03/2020,78.28571428571429
157,1,49,5566,08/04/2020,70.14285714285714
158,0,90,5566,08/05/2020,72.57142857142857
159,2,87,5568,08/06/2020,71.0
160,0,90,5568,08/07/2020,72.57142857142857
161,1,58,5569,08/08/2020,72.57142857142857
162,0,48,5569,08/09/2020,73.57142857142857
163,1,74,5570,08/10/2020,70.85714285714286
164,1,82,5571,08/11/2020,75.57142857142857
165,0,114,5571,08/12/2020,79.0
166,2,87,5573,08/13/2020,79.0
167,0,80,5573,08/14/2020,77.57142857142857
168,1,33,5574,08/15/2020,74.0
169,1,49,5575,08/16/2020,74.14285714285714
170,1,96,5576,08/17/2020,77.28571428571429
171,0,66,5576,08/18/2020,75.0
172,1,69,5577,08/19/2020,68.57142857142857
173,3,56,5580,08/20/2020,64.14285714285714
174,0,75,5580,08/21/2020,63.42857142857143
175,2,36,5582,08/22/2020,63.857142857142854
176,0,55,5582,08/23/2020,64.71428571428571
177,1,85,5583,08/24/2020,63.142857142857146
178,2,84,5585,08/25/2020,65.71428571428571
179,1,116,5586,08/26/2020,72.42857142857143
180,0,99,5586,08/27/2020,78.57142857142857
181,0,78,5586,08/28/2020,79.0
182,1,38,5587,08/29/2020,79.28571428571429
183,1,61,5588,08/30/2020,80.14285714285714
184,0,117,5588,08/31/2020,84.71428571428571
185,0,91,5588,09/01/2020,85.71428571428571
186,2,94,5590,09/02/2020,82.57142857142857
187,2,91,5592,09/03/2020,81.42857142857143
188,1,71,5593,09/04/2020,80.42857142857143
189,3,46,5596,09/05/2020,81.57142857142857
190,2,87,5598,09/06/2020,85.28571428571429
191,0,74,5598,09/07/2020,79.14285714285714
192,1,128,5599,09/08/2020,84.42857142857143
193,0,119,5599,09/09/2020,88.0
194,1,124,5600,09/10/2020,92.71428571428571
195,2,110,5602,09/11/2020,98.28571428571429
196,0,51,5602,09/12/2020,99.0
197,2,114,5604,09/13/2020,102.85714285714286
198,2,168,5606,09/14/2020,116.28571428571429
199,0,149,5606,09/15/2020,119.28571428571429
200,0,165,5606,09/16/2020,125.85714285714286
201,1,123,5607,09/17/2020,125.71428571428571
202,2,103,5609,09/18/2020,124.71428571428571
203,2,36,5611,09/19/2020,122.57142857142857
204,3,60,5614,09/20/2020,114.85714285714286
205,1,248,5615,09/21/2020,126.28571428571429
206,3,170,5618,09/22/2020,129.28571428571428
207,1,234,5619,09/23/2020,139.14285714285714
208,1,236,5620,09/24/2020,155.28571428571428
209,0,187,5620,09/25/2020,167.28571428571428
210,1,108,5621,09/26/2020,177.57142857142858
211,2,181,5623,09/27/2020,194.85714285714286
212,1,139,5624,09/28/2020,179.28571428571428
213,2,334,5626,09/29/2020,202.71428571428572
214,4,270,5630,09/30/2020,207.85714285714286
215,1,292,5631,10/01/2020,215.85714285714286
216,1,264,5632,10/02/2020,226.85714285714286
217,1,81,5633,10/03/2020,223.0
218,3,162,5636,10/04/2020,220.28571428571428
219,0,354,5636,10/05/2020,251.0
220,2,250,5638,10/06/2020,239.0
221,1,223,5639,10/07/2020,232.28571428571428
222,3,216,5642,10/08/2020,221.42857142857142
223,0,184,5642,10/09/2020,210.0
224,0,95,5642,10/10/2020,212.0
225,2,115,5644,10/11/2020,205.28571428571428
226,1,224,5645,10/12/2020,186.71428571428572
227,3,225,5648,10/13/2020,183.14285714285714
228,3,211,5651,10/14/2020,181.42857142857142
229,2,236,5653,10/15/2020,184.28571428571428
230,3,163,5656,10/16/2020,181.28571428571428
231,3,91,5659,10/17/2020,180.71428571428572
232,1,171,5660,10/18/2020,188.71428571428572
233,6,204,5666,10/19/2020,185.85714285714286
234,2,214,5668,10/20/2020,184.28571428571428
235,3,203,5671,10/21/2020,183.14285714285714
236,2,242,5673,10/22/2020,184.0
237,0,198,5673,10/23/2020,189.0
238,0,120,5673,10/24/2020,193.14285714285714
239,3,128,5676,10/25/2020,187.0
240,2,220,5678,10/26/2020,189.28571428571428
241,3,237,5681,10/27/2020,192.57142857142858
242,3,229,5684,10/28/2020,196.28571428571428
243,2,192,5686,10/29/2020,189.14285714285714
244,4,191,5690,10/30/2020,188.14285714285714
245,2,118,5692,10/31/2020,187.85714285714286
246,9,230,5701,11/01/2020,202.42857142857142
247,7,336,5708,11/02/2020,219.0
248,6,319,5714,11/03/2020,230.71428571428572
249,7,310,5721,11/04/2020,242.28571428571428
250,4,311,5725,11/05/2020,259.2857142857143
251,2,237,5727,11/06/2020,265.85714285714283
252,5,223,5732,11/07/2020,280.85714285714283
253,2,224,5734,11/08/2020,280.0
254,1,416,5735,11/09/2020,291.42857142857144
255,2,456,5737,11/10/2020,311.0
256,2,394,5739,11/11/2020,323.0
257,6,383,5745,11/12/2020,333.2857142857143
258,1,357,5746,11/13/2020,350.42857142857144
259,5,239,5751,11/14/2020,352.7142857142857
260,6,231,5757,11/15/2020,353.7142857142857
261,2,496,5759,11/16/2020,365.14285714285717
262,3,492,5762,11/17/2020,370.2857142857143
263,4,463,5766,11/18/2020,380.14285714285717
264,6,489,5772,11/19/2020,395.2857142857143
265,2,434,5774,11/20/2020,406.2857142857143
266,3,353,5777,11/21/2020,422.57142857142856
267,1,339,5778,11/22/2020,438.0
268,7,571,5785,11/23/2020,448.7142857142857
269,2,552,5787,11/24/2020,457.2857142857143
270,4,626,5791,11/25/2020,480.57142857142856
271,3,242,5794,11/26/2020,445.2857142857143
272,3,603,5797,11/27/2020,469.42857142857144
273,3,444,5800,11/28/2020,482.42857142857144
274,3,500,5803,11/29/2020,505.42857142857144
275,4,860,5807,11/30/2020,546.7142857142857
276,3,878,5810,12/01/2020,593.2857142857143
277,10,804,5820,12/02/2020,618.7142857142857
278,4,820,5824,12/03/2020,701.2857142857143
279,6,762,5830,12/04/2020,724.0
280,6,505,5836,12/05/2020,732.7142857142857
281,4,554,5840,12/06/2020,740.4285714285714
282,7,962,5847,12/07/2020,755.0
283,8,920,5855,12/08/2020,761.0
284,9,906,5864,12/09/2020,775.5714285714286
285,2,938,5866,12/10/2020,792.4285714285714
286,8,832,5874,12/11/2020,802.4285714285714
287,9,594,5883,12/12/2020,815.1428571428571
288,5,647,5888,12/13/2020,828.4285714285714
289,6,1107,5894,12/14/2020,849.1428571428571
290,11,1058,5905,12/15/2020,868.8571428571429
291,15,843,5920,12/16/2020,859.8571428571429
292,6,644,5926,12/17/2020,817.8571428571429
293,13,1023,5939,12/18/2020,845.1428571428571
294,9,764,5948,12/19/2020,869.4285714285714
295,5,766,5953,12/20/2020,886.4285714285714
296,7,1309,5960,12/21/2020,915.2857142857143
297,16,1256,5976,12/22/2020,943.5714285714286
298,13,1083,5989,12/23/2020,977.8571428571429
299,9,964,5998,12/24/2020,1023.5714285714286
300,12,340,6010,12/25/2020,926.0
301,8,1016,6018,12/26/2020,962.0
302,14,904,6032,12/27/2020,981.7142857142857
303,13,1587,6045,12/28/2020,1021.4285714285714
304,15,1410,6060,12/29/2020,1043.4285714285713
305,16,1389,6076,12/30/2020,1087.142857142857
306,21,930,6097,12/31/2020,1082.2857142857142
307,17,402,6114,01/01/2021,1091.142857142857
308,17,1089,6131,01/02/2021,1101.5714285714287
309,11,1047,6142,01/03/2021,1122.0
310,24,1868,6166,01/04/2021,1162.142857142857
311,22,1734,6188,01/05/2021,1208.4285714285713
312,19,1568,6207,01/06/2021,1234.0
313,18,1610,6225,01/07/2021,1331.142857142857
314,14,1436,6239,01/08/2021,1478.857142857143
315,22,974,6261,01/09/2021,1462.4285714285713
316,17,996,6278,01/10/2021,1455.142857142857
317,12,1722,6290,01/11/2021,1434.2857142857142
318,29,1583,6319,01/12/2021,1412.7142857142858
319,21,1504,6340,01/13/2021,1403.5714285714287
320,22,1500,6362,01/14/2021,1387.857142857143
321,10,1361,6372,01/15/2021,1377.142857142857
322,20,1040,6392,01/16/2021,1386.5714285714287
323,24,891,6416,01/17/2021,1371.5714285714287
324,22,1431,6438,01/18/2021,1330.0
325,26,1442,6464,01/19/2021,1309.857142857143
326,26,1304,6490,01/20/2021,1281.2857142857142
327,20,1366,6510,01/21/2021,1262.142857142857
328,30,1293,6540,01/22/2021,1252.4285714285713
329,28,889,6568,01/23/2021,1230.857142857143
330,20,875,6588,01/24/2021,1228.5714285714287
331,18,1680,6606,01/25/2021,1264.142857142857
332,29,1327,6635,01/26/2021,1247.7142857142858
333,29,1401,6664,01/27/2021,1261.5714285714287
334,16,1349,6680,01/28/2021,1259.142857142857
335,24,1068,6704,01/29/2021,1227.0
336,27,820,6731,01/30/2021,1217.142857142857
337,19,833,6750,01/31/2021,1211.142857142857
338,21,318,6771,02/01/2021,1016.5714285714286
339,28,828,6799,02/02/2021,945.2857142857143
340,13,1380,6812,02/03/2021,942.2857142857143
341,23,1278,6835,02/04/2021,932.1428571428571
342,24,1151,6859,02/05/2021,944.0
343,17,791,6876,02/06/2021,939.8571428571429
344,13,427,6889,02/07/2021,881.8571428571429
