,Deaths,Cases,Total Deaths,Date,7 day average
0,0,0,0,02/29/2020,0.0
1,0,0,0,03/01/2020,0.0
2,0,0,0,03/02/2020,0.0
3,0,0,0,03/03/2020,0.0
4,0,1,0,03/04/2020,0.5
5,0,3,0,03/05/2020,0.5
6,0,1,0,03/06/2020,0.7142857142857143
7,0,2,0,03/07/2020,1.0
8,0,5,0,03/08/2020,1.7142857142857142
9,0,16,0,03/09/2020,4.0
10,0,11,0,03/10/2020,5.571428571428571
11,0,31,0,03/11/2020,9.857142857142858
12,0,96,0,03/12/2020,23.142857142857142
13,0,166,0,03/13/2020,46.714285714285715
14,1,163,1,03/14/2020,69.71428571428571
15,0,433,1,03/15/2020,130.85714285714286
16,1,740,2,03/16/2020,234.28571428571428
17,4,783,6,03/17/2020,344.57142857142856
18,6,966,12,03/18/2020,478.14285714285717
19,6,1204,18,03/19/2020,636.4285714285714
20,11,1137,29,03/20/2020,775.1428571428571
21,12,554,41,03/21/2020,831.0
22,10,755,51,03/22/2020,877.0
23,27,910,78,03/23/2020,901.2857142857143
24,23,1211,101,03/24/2020,962.4285714285714
25,37,1254,138,03/25/2020,1003.5714285714286
26,50,1374,188,03/26/2020,1027.857142857143
27,75,1423,263,03/27/2020,1068.7142857142858
28,78,864,341,03/28/2020,1113.0
29,89,1149,430,03/29/2020,1169.2857142857142
30,106,1754,536,03/30/2020,1289.857142857143
31,126,1514,662,03/31/2020,1333.142857142857
32,135,1589,797,04/01/2020,1381.0
33,170,1613,967,04/02/2020,1415.142857142857
34,142,1441,1109,04/03/2020,1417.7142857142858
35,163,922,1272,04/04/2020,1426.0
36,166,1141,1438,04/05/2020,1424.857142857143
37,169,1462,1607,04/06/2020,1383.142857142857
38,181,1396,1788,04/07/2020,1366.2857142857142
39,173,1310,1961,04/08/2020,1326.4285714285713
40,190,1369,2151,04/09/2020,1291.5714285714287
41,178,1153,2329,04/10/2020,1250.4285714285713
42,159,1129,2488,04/11/2020,1280.0
43,201,702,2689,04/12/2020,1217.2857142857142
44,158,1065,2847,04/13/2020,1160.5714285714287
45,152,1035,2999,04/14/2020,1109.0
46,132,882,3131,04/15/2020,1047.857142857143
47,126,884,3257,04/16/2020,978.5714285714286
48,118,960,3375,04/17/2020,951.0
49,116,575,3491,04/18/2020,871.8571428571429
50,118,635,3609,04/19/2020,862.2857142857143
51,95,983,3704,04/20/2020,850.5714285714286
52,92,896,3796,04/21/2020,830.7142857142857
53,107,854,3903,04/22/2020,826.7142857142857
54,106,786,4009,04/23/2020,812.7142857142857
55,93,629,4102,04/24/2020,765.4285714285714
56,76,405,4178,04/25/2020,741.1428571428571
57,61,332,4239,04/26/2020,697.8571428571429
58,88,608,4327,04/27/2020,644.2857142857143
59,57,711,4384,04/28/2020,617.8571428571429
60,71,681,4455,04/29/2020,593.1428571428571
61,65,600,4520,04/30/2020,566.5714285714286
62,56,497,4576,05/01/2020,547.7142857142857
63,45,263,4621,05/02/2020,527.4285714285714
64,45,247,4666,05/03/2020,515.2857142857143
65,42,462,4708,05/04/2020,494.42857142857144
66,49,433,4757,05/05/2020,454.7142857142857
67,38,450,4795,05/06/2020,421.7142857142857
68,46,403,4841,05/07/2020,393.57142857142856
69,43,344,4884,05/08/2020,371.7142857142857
70,28,119,4912,05/09/2020,351.14285714285717
71,26,188,4938,05/10/2020,342.7142857142857
72,33,410,4971,05/11/2020,335.2857142857143
73,33,400,5004,05/12/2020,330.57142857142856
74,23,362,5027,05/13/2020,318.0
75,14,334,5041,05/14/2020,308.14285714285717
76,27,259,5068,05/15/2020,296.0
77,24,165,5092,05/16/2020,302.57142857142856
78,19,137,5111,05/17/2020,295.2857142857143
79,17,266,5128,05/18/2020,274.7142857142857
80,16,328,5144,05/19/2020,264.42857142857144
81,21,323,5165,05/20/2020,258.85714285714283
82,15,336,5180,05/21/2020,259.14285714285717
83,15,351,5195,05/22/2020,272.2857142857143
84,20,143,5215,05/23/2020,269.14285714285717
85,12,161,5227,05/24/2020,272.57142857142856
86,14,160,5241,05/25/2020,257.42857142857144
87,12,319,5253,05/26/2020,256.14285714285717
88,11,246,5264,05/27/2020,245.14285714285714
89,12,221,5276,05/28/2020,228.71428571428572
90,16,167,5292,05/29/2020,202.42857142857142
91,10,105,5302,05/30/2020,197.0
92,11,84,5313,05/31/2020,186.0
93,10,252,5323,06/01/2020,199.14285714285714
94,6,185,5329,06/02/2020,180.0
95,13,133,5342,06/03/2020,163.85714285714286
96,10,131,5352,06/04/2020,151.0
97,6,132,5358,06/05/2020,146.0
98,10,59,5368,06/06/2020,139.42857142857142
99,6,52,5374,06/07/2020,134.85714285714286
100,13,112,5387,06/08/2020,114.85714285714286
101,6,121,5393,06/09/2020,105.71428571428571
102,11,97,5404,06/10/2020,100.57142857142857
103,4,113,5408,06/11/2020,98.0
104,6,123,5414,06/12/2020,96.71428571428571
105,4,52,5418,06/13/2020,95.71428571428571
106,7,53,5425,06/14/2020,95.85714285714286
107,4,102,5429,06/15/2020,94.42857142857143
108,5,133,5434,06/16/2020,96.14285714285714
109,6,113,5440,06/17/2020,98.42857142857143
110,4,112,5444,06/18/2020,98.28571428571429
111,3,91,5447,06/19/2020,93.71428571428571
112,3,46,5450,06/20/2020,92.85714285714286
113,6,54,5456,06/21/2020,93.0
114,6,110,5462,06/22/2020,94.14285714285714
115,7,95,5469,06/23/2020,88.71428571428571
116,9,101,5478,06/24/2020,87.0
117,5,82,5483,06/25/2020,82.71428571428571
118,3,94,5486,06/26/2020,83.14285714285714
119,11,70,5497,06/27/2020,86.57142857142857
120,1,58,5498,06/28/2020,87.14285714285714
121,3,127,5501,06/29/2020,89.57142857142857
122,4,128,5505,06/30/2020,94.28571428571429
123,4,120,5509,07/01/2020,97.0
124,3,127,5512,07/02/2020,103.42857142857143
125,4,72,5516,07/03/2020,100.28571428571429
126,6,23,5522,07/04/2020,93.57142857142857
127,4,53,5526,07/05/2020,92.85714285714286
128,2,142,5528,07/06/2020,95.0
129,4,123,5532,07/07/2020,94.28571428571429
130,4,121,5536,07/08/2020,94.42857142857143
131,4,104,5540,07/09/2020,91.14285714285714
132,2,90,5542,07/10/2020,93.71428571428571
133,2,73,5544,07/11/2020,100.85714285714286
134,2,55,5546,07/12/2020,101.14285714285714
135,1,123,5547,07/13/2020,98.42857142857143
136,4,111,5551,07/14/2020,96.71428571428571
137,2,149,5553,07/15/2020,100.71428571428571
138,2,90,5555,07/16/2020,98.71428571428571
139,0,105,5555,07/17/2020,100.85714285714286
140,4,58,5559,07/18/2020,98.71428571428571
141,3,40,5562,07/19/2020,96.57142857142857
142,4,85,5566,07/20/2020,91.14285714285714
143,5,79,5571,07/21/2020,86.57142857142857
144,1,96,5572,07/22/2020,79.0
145,5,84,5577,07/23/2020,78.14285714285714
146,2,68,5579,07/24/2020,72.85714285714286
147,2,35,5581,07/25/2020,69.57142857142857
148,4,40,5585,07/26/2020,69.57142857142857
149,2,79,5587,07/27/2020,68.71428571428571
150,1,106,5588,07/28/2020,72.57142857142857
151,1,72,5589,07/29/2020,69.14285714285714
152,2,98,5591,07/30/2020,71.14285714285714
153,1,79,5592,07/31/2020,72.71428571428571
154,3,59,5595,08/01/2020,76.14285714285714
155,2,41,5597,08/02/2020,76.28571428571429
156,0,93,5597,08/03/2020,78.28571428571429
157,1,49,5598,08/04/2020,70.14285714285714
158,0,92,5598,08/05/2020,73.0
159,2,87,5600,08/06/2020,71.42857142857143
160,0,91,5600,08/07/2020,73.14285714285714
161,1,58,5601,08/08/2020,73.0
162,0,48,5601,08/09/2020,74.0
163,1,74,5602,08/10/2020,71.28571428571429
164,1,82,5603,08/11/2020,76.0
165,0,114,5603,08/12/2020,79.14285714285714
166,2,87,5605,08/13/2020,79.14285714285714
167,0,80,5605,08/14/2020,77.57142857142857
168,2,33,5607,08/15/2020,74.0
169,1,49,5608,08/16/2020,74.14285714285714
170,1,95,5609,08/17/2020,77.14285714285714
171,0,66,5609,08/18/2020,74.85714285714286
172,1,69,5610,08/19/2020,68.42857142857143
173,3,55,5613,08/20/2020,63.857142857142854
174,0,75,5613,08/21/2020,63.142857142857146
175,2,36,5615,08/22/2020,63.57142857142857
176,0,55,5615,08/23/2020,64.42857142857143
177,1,85,5616,08/24/2020,63.0
178,2,84,5618,08/25/2020,65.57142857142857
179,1,116,5619,08/26/2020,72.28571428571429
180,0,99,5619,08/27/2020,78.57142857142857
181,0,78,5619,08/28/2020,79.0
182,1,38,5620,08/29/2020,79.28571428571429
183,2,60,5622,08/30/2020,80.0
184,0,116,5622,08/31/2020,84.42857142857143
185,0,92,5622,09/01/2020,85.57142857142857
186,2,96,5624,09/02/2020,82.71428571428571
187,2,91,5626,09/03/2020,81.57142857142857
188,1,71,5627,09/04/2020,80.57142857142857
189,3,46,5630,09/05/2020,81.71428571428571
190,2,88,5632,09/06/2020,85.71428571428571
191,0,74,5632,09/07/2020,79.71428571428571
192,1,128,5633,09/08/2020,84.85714285714286
193,0,120,5633,09/09/2020,88.28571428571429
194,1,124,5634,09/10/2020,93.0
195,2,111,5636,09/11/2020,98.71428571428571
196,0,50,5636,09/12/2020,99.28571428571429
197,2,117,5638,09/13/2020,103.42857142857143
198,2,167,5640,09/14/2020,116.71428571428571
199,0,151,5640,09/15/2020,120.0
200,0,166,5640,09/16/2020,126.57142857142857
201,1,123,5641,09/17/2020,126.42857142857143
202,2,108,5643,09/18/2020,126.0
203,2,36,5645,09/19/2020,124.0
204,3,60,5648,09/20/2020,115.85714285714286
205,1,249,5649,09/21/2020,127.57142857142857
206,3,174,5652,09/22/2020,130.85714285714286
207,1,238,5653,09/23/2020,141.14285714285714
208,1,233,5654,09/24/2020,156.85714285714286
209,0,187,5654,09/25/2020,168.14285714285714
210,1,107,5655,09/26/2020,178.28571428571428
211,2,183,5657,09/27/2020,195.85714285714286
212,1,139,5658,09/28/2020,180.14285714285714
213,2,335,5660,09/29/2020,203.14285714285714
214,4,275,5664,09/30/2020,208.42857142857142
215,1,294,5665,10/01/2020,217.14285714285714
216,1,263,5666,10/02/2020,228.0
217,1,81,5667,10/03/2020,224.28571428571428
218,3,163,5670,10/04/2020,221.42857142857142
219,0,407,5670,10/05/2020,259.7142857142857
220,2,248,5672,10/06/2020,247.28571428571428
221,1,222,5673,10/07/2020,239.71428571428572
222,3,216,5676,10/08/2020,228.57142857142858
223,0,183,5676,10/09/2020,217.14285714285714
224,0,95,5676,10/10/2020,219.14285714285714
225,2,114,5678,10/11/2020,212.14285714285714
226,1,223,5679,10/12/2020,185.85714285714286
227,3,223,5682,10/13/2020,182.28571428571428
228,3,209,5685,10/14/2020,180.42857142857142
229,2,237,5687,10/15/2020,183.42857142857142
230,3,163,5690,10/16/2020,180.57142857142858
231,3,90,5693,10/17/2020,179.85714285714286
232,1,175,5694,10/18/2020,188.57142857142858
233,6,204,5700,10/19/2020,185.85714285714286
234,2,217,5702,10/20/2020,185.0
235,3,200,5705,10/21/2020,183.71428571428572
236,2,244,5707,10/22/2020,184.71428571428572
237,0,198,5707,10/23/2020,189.71428571428572
238,0,118,5707,10/24/2020,193.71428571428572
239,3,128,5710,10/25/2020,187.0
240,2,219,5712,10/26/2020,189.14285714285714
241,3,234,5715,10/27/2020,191.57142857142858
242,3,225,5718,10/28/2020,195.14285714285714
243,2,191,5720,10/29/2020,187.57142857142858
244,4,191,5724,10/30/2020,186.57142857142858
245,2,117,5726,10/31/2020,186.42857142857142
246,9,232,5735,11/01/2020,201.28571428571428
247,7,339,5742,11/02/2020,218.42857142857142
248,6,315,5748,11/03/2020,230.0
249,6,312,5754,11/04/2020,242.42857142857142
250,4,313,5758,11/05/2020,259.85714285714283
251,2,234,5760,11/06/2020,266.0
252,5,220,5765,11/07/2020,280.7142857142857
253,2,222,5767,11/08/2020,279.2857142857143
254,1,414,5768,11/09/2020,290.0
255,2,454,5770,11/10/2020,309.85714285714283
256,2,381,5772,11/11/2020,319.7142857142857
257,6,384,5778,11/12/2020,329.85714285714283
258,1,354,5779,11/13/2020,347.0
259,5,237,5784,11/14/2020,349.42857142857144
260,6,230,5790,11/15/2020,350.57142857142856
261,1,493,5791,11/16/2020,361.85714285714283
262,3,486,5794,11/17/2020,366.42857142857144
263,4,455,5798,11/18/2020,377.0
264,6,486,5804,11/19/2020,391.57142857142856
265,2,429,5806,11/20/2020,402.2857142857143
266,3,352,5809,11/21/2020,418.7142857142857
267,2,339,5811,11/22/2020,434.2857142857143
268,6,568,5817,11/23/2020,445.0
269,2,547,5819,11/24/2020,453.7142857142857
270,4,622,5823,11/25/2020,477.57142857142856
271,3,241,5826,11/26/2020,442.57142857142856
272,3,595,5829,11/27/2020,466.2857142857143
273,3,438,5832,11/28/2020,478.57142857142856
274,3,497,5835,11/29/2020,501.14285714285717
275,4,850,5839,11/30/2020,541.4285714285714
276,3,869,5842,12/01/2020,587.4285714285714
277,10,788,5852,12/02/2020,611.1428571428571
278,4,811,5856,12/03/2020,692.5714285714286
279,5,748,5861,12/04/2020,714.4285714285714
280,6,496,5867,12/05/2020,722.7142857142857
281,4,543,5871,12/06/2020,729.2857142857143
282,7,952,5878,12/07/2020,743.8571428571429
283,7,899,5885,12/08/2020,748.1428571428571
284,9,887,5894,12/09/2020,762.2857142857143
285,2,891,5896,12/10/2020,773.7142857142857
286,8,800,5904,12/11/2020,781.1428571428571
287,9,568,5913,12/12/2020,791.4285714285714
288,4,622,5917,12/13/2020,802.7142857142857
289,4,1016,5921,12/14/2020,811.8571428571429
290,10,909,5931,12/15/2020,813.2857142857143
291,12,700,5943,12/16/2020,786.5714285714286
292,3,562,5946,12/17/2020,739.5714285714286
293,9,774,5955,12/18/2020,735.8571428571429
294,4,422,5959,12/19/2020,715.0
