,Unnamed: 0,Deaths,Cases,Total Deaths,Date,7 day average
0,0,0,0,0,02/29/2020,0.0
1,1,0,0,0,03/01/2020,0.0
2,2,0,0,0,03/02/2020,0.0
3,3,0,0,0,03/03/2020,0.0
4,4,0,1,0,03/04/2020,0.5
5,5,0,3,0,03/05/2020,0.5
6,6,0,1,0,03/06/2020,0.7142857142857143
7,7,0,2,0,03/07/2020,1.0
8,8,0,5,0,03/08/2020,1.7142857142857142
9,9,0,16,0,03/09/2020,4.0
10,10,0,11,0,03/10/2020,5.571428571428571
11,11,0,31,0,03/11/2020,9.857142857142858
12,12,0,96,0,03/12/2020,23.142857142857146
13,13,0,166,0,03/13/2020,46.714285714285715
14,14,1,163,1,03/14/2020,69.71428571428571
15,15,0,433,1,03/15/2020,130.85714285714286
16,16,1,740,2,03/16/2020,234.28571428571428
17,17,4,783,6,03/17/2020,344.57142857142856
18,18,6,966,12,03/18/2020,478.1428571428572
19,19,6,1204,18,03/19/2020,636.4285714285714
20,20,11,1137,29,03/20/2020,775.1428571428571
21,21,12,554,41,03/21/2020,831.0
22,22,10,755,51,03/22/2020,877.0
23,23,27,910,78,03/23/2020,901.2857142857144
24,24,23,1212,101,03/24/2020,962.5714285714287
25,25,37,1254,138,03/25/2020,1003.7142857142856
26,26,50,1375,188,03/26/2020,1028.142857142857
27,27,75,1423,263,03/27/2020,1069.0
28,28,78,863,341,03/28/2020,1113.142857142857
29,29,89,1149,430,03/29/2020,1169.4285714285713
30,30,106,1754,536,03/30/2020,1290.0
31,31,126,1513,662,03/31/2020,1333.0
32,32,135,1589,797,04/01/2020,1380.857142857143
33,33,171,1612,968,04/02/2020,1414.7142857142858
34,34,142,1441,1110,04/03/2020,1417.2857142857142
35,35,163,922,1273,04/04/2020,1425.7142857142858
36,36,166,1141,1439,04/05/2020,1424.571428571429
37,37,169,1463,1608,04/06/2020,1383.0
38,38,180,1395,1788,04/07/2020,1366.142857142857
39,39,171,1310,1959,04/08/2020,1326.2857142857142
40,40,188,1369,2147,04/09/2020,1291.5714285714287
41,41,178,1152,2325,04/10/2020,1250.2857142857142
42,42,159,1129,2484,04/11/2020,1279.857142857143
43,43,201,702,2685,04/12/2020,1217.142857142857
44,44,158,1066,2843,04/13/2020,1160.4285714285713
45,45,152,1035,2995,04/14/2020,1109.0
46,46,132,882,3127,04/15/2020,1047.857142857143
47,47,126,884,3253,04/16/2020,978.5714285714287
48,48,118,959,3371,04/17/2020,951.0
49,49,116,575,3487,04/18/2020,871.8571428571429
50,50,118,635,3605,04/19/2020,862.2857142857142
51,51,95,983,3700,04/20/2020,850.4285714285713
52,52,92,896,3792,04/21/2020,830.5714285714287
53,53,107,854,3899,04/22/2020,826.5714285714287
54,54,106,785,4005,04/23/2020,812.4285714285713
55,55,93,629,4098,04/24/2020,765.2857142857142
56,56,76,404,4174,04/25/2020,740.8571428571429
57,57,61,332,4235,04/26/2020,697.5714285714287
58,58,86,608,4321,04/27/2020,644.0
59,59,57,711,4378,04/28/2020,617.5714285714286
60,60,71,681,4449,04/29/2020,592.8571428571429
61,61,65,600,4514,04/30/2020,566.4285714285714
62,62,56,497,4570,05/01/2020,547.5714285714286
63,63,45,263,4615,05/02/2020,527.4285714285714
64,64,45,247,4660,05/03/2020,515.2857142857143
65,65,42,462,4702,05/04/2020,494.4285714285714
66,66,49,433,4751,05/05/2020,454.71428571428567
67,67,38,450,4789,05/06/2020,421.71428571428567
68,68,46,404,4835,05/07/2020,393.71428571428567
69,69,43,344,4878,05/08/2020,371.8571428571428
70,70,28,119,4906,05/09/2020,351.28571428571433
71,71,26,188,4932,05/10/2020,342.85714285714283
72,72,33,410,4965,05/11/2020,335.42857142857144
73,73,33,400,4998,05/12/2020,330.7142857142857
74,74,23,362,5021,05/13/2020,318.14285714285717
75,75,14,334,5035,05/14/2020,308.14285714285717
76,76,27,260,5062,05/15/2020,296.14285714285717
77,77,24,165,5086,05/16/2020,302.7142857142857
78,78,19,137,5105,05/17/2020,295.42857142857144
79,79,17,266,5122,05/18/2020,274.85714285714283
80,80,16,327,5138,05/19/2020,264.42857142857144
81,81,21,323,5159,05/20/2020,258.85714285714283
82,82,15,336,5174,05/21/2020,259.14285714285717
83,83,15,350,5189,05/22/2020,272.0
84,84,20,143,5209,05/23/2020,268.85714285714283
85,85,12,161,5221,05/24/2020,272.2857142857143
86,86,14,160,5235,05/25/2020,257.14285714285717
87,87,12,319,5247,05/26/2020,256.0
88,88,11,246,5258,05/27/2020,245.0
89,89,12,221,5270,05/28/2020,228.57142857142856
90,90,16,166,5286,05/29/2020,202.28571428571428
91,91,10,105,5296,05/30/2020,196.85714285714286
92,92,11,84,5307,05/31/2020,185.85714285714286
93,93,10,252,5317,06/01/2020,199.0
94,94,6,182,5323,06/02/2020,179.4285714285714
95,95,13,133,5336,06/03/2020,163.28571428571428
96,96,10,130,5346,06/04/2020,150.28571428571428
97,97,6,131,5352,06/05/2020,145.28571428571428
98,98,11,59,5363,06/06/2020,138.71428571428572
99,99,6,52,5369,06/07/2020,134.14285714285714
100,100,13,112,5382,06/08/2020,114.14285714285714
101,101,6,121,5388,06/09/2020,105.42857142857143
102,102,11,98,5399,06/10/2020,100.42857142857143
103,103,4,113,5403,06/11/2020,98.0
104,104,6,123,5409,06/12/2020,96.85714285714286
105,105,4,52,5413,06/13/2020,95.85714285714286
106,106,6,53,5419,06/14/2020,96.0
107,107,4,102,5423,06/15/2020,94.57142857142857
108,108,5,133,5428,06/16/2020,96.28571428571428
109,109,6,114,5434,06/17/2020,98.57142857142857
110,110,4,112,5438,06/18/2020,98.42857142857143
111,111,3,91,5441,06/19/2020,93.85714285714286
112,112,3,46,5444,06/20/2020,93.0
113,113,6,54,5450,06/21/2020,93.14285714285714
114,114,5,110,5455,06/22/2020,94.28571428571428
115,115,5,95,5460,06/23/2020,88.85714285714286
116,116,6,101,5466,06/24/2020,87.0
117,117,4,82,5470,06/25/2020,82.71428571428571
118,118,3,94,5473,06/26/2020,83.14285714285714
119,119,7,70,5480,06/27/2020,86.57142857142857
120,120,1,58,5481,06/28/2020,87.14285714285714
121,121,4,127,5485,06/29/2020,89.57142857142857
122,122,2,128,5487,06/30/2020,94.28571428571428
123,123,3,120,5490,07/01/2020,97.0
124,124,3,127,5493,07/02/2020,103.42857142857143
125,125,3,72,5496,07/03/2020,100.28571428571428
126,126,3,23,5499,07/04/2020,93.57142857142857
127,127,2,53,5501,07/05/2020,92.85714285714286
128,128,2,142,5503,07/06/2020,95.0
129,129,2,123,5505,07/07/2020,94.28571428571428
130,130,3,121,5508,07/08/2020,94.42857142857143
131,131,4,104,5512,07/09/2020,91.14285714285714
132,132,2,90,5514,07/10/2020,93.71428571428572
133,133,2,73,5516,07/11/2020,100.85714285714286
134,134,2,55,5518,07/12/2020,101.14285714285714
135,135,1,123,5519,07/13/2020,98.42857142857143
136,136,4,111,5523,07/14/2020,96.71428571428572
137,137,2,149,5525,07/15/2020,100.71428571428572
138,138,1,90,5526,07/16/2020,98.71428571428572
139,139,0,105,5526,07/17/2020,100.85714285714286
140,140,4,58,5530,07/18/2020,98.71428571428572
141,141,3,40,5533,07/19/2020,96.57142857142857
142,142,3,85,5536,07/20/2020,91.14285714285714
143,143,3,79,5539,07/21/2020,86.57142857142857
144,144,1,96,5540,07/22/2020,79.0
145,145,3,84,5543,07/23/2020,78.14285714285714
146,146,2,68,5545,07/24/2020,72.85714285714286
147,147,2,35,5547,07/25/2020,69.57142857142857
148,148,4,40,5551,07/26/2020,69.57142857142857
149,149,1,79,5552,07/27/2020,68.71428571428571
150,150,1,106,5553,07/28/2020,72.57142857142857
151,151,1,73,5554,07/29/2020,69.28571428571429
152,152,2,98,5556,07/30/2020,71.28571428571429
153,153,1,79,5557,07/31/2020,72.85714285714286
154,154,3,58,5560,08/01/2020,76.14285714285714
155,155,2,41,5562,08/02/2020,76.28571428571429
156,156,0,93,5562,08/03/2020,78.28571428571429
157,157,1,49,5563,08/04/2020,70.14285714285714
158,158,0,90,5563,08/05/2020,72.57142857142857
159,159,2,87,5565,08/06/2020,71.0
160,160,0,90,5565,08/07/2020,72.57142857142857
161,161,1,58,5566,08/08/2020,72.57142857142857
162,162,0,48,5566,08/09/2020,73.57142857142857
163,163,1,74,5567,08/10/2020,70.85714285714286
164,164,1,82,5568,08/11/2020,75.57142857142857
165,165,0,114,5568,08/12/2020,79.0
166,166,2,87,5570,08/13/2020,79.0
167,167,0,80,5570,08/14/2020,77.57142857142857
168,168,1,33,5571,08/15/2020,74.0
169,169,1,49,5572,08/16/2020,74.14285714285714
170,170,1,96,5573,08/17/2020,77.28571428571429
171,171,0,66,5573,08/18/2020,75.0
172,172,1,69,5574,08/19/2020,68.57142857142857
173,173,3,56,5577,08/20/2020,64.14285714285714
174,174,0,76,5577,08/21/2020,63.57142857142857
175,175,2,36,5579,08/22/2020,64.0
176,176,0,55,5579,08/23/2020,64.85714285714286
177,177,1,85,5580,08/24/2020,63.28571428571429
178,178,2,84,5582,08/25/2020,65.85714285714286
179,179,1,116,5583,08/26/2020,72.57142857142857
180,180,0,99,5583,08/27/2020,78.71428571428571
181,181,0,78,5583,08/28/2020,79.0
182,182,1,38,5584,08/29/2020,79.28571428571429
183,183,1,61,5585,08/30/2020,80.14285714285714
184,184,0,117,5585,08/31/2020,84.71428571428571
185,185,0,91,5585,09/01/2020,85.71428571428571
186,186,2,94,5587,09/02/2020,82.57142857142857
187,187,2,91,5589,09/03/2020,81.42857142857143
188,188,1,71,5590,09/04/2020,80.42857142857143
189,189,3,46,5593,09/05/2020,81.57142857142857
190,190,2,87,5595,09/06/2020,85.28571428571429
191,191,0,74,5595,09/07/2020,79.14285714285714
192,192,1,128,5596,09/08/2020,84.42857142857143
193,193,0,119,5596,09/09/2020,88.0
194,194,1,124,5597,09/10/2020,92.71428571428572
195,195,2,110,5599,09/11/2020,98.28571428571428
196,196,0,51,5599,09/12/2020,99.0
197,197,2,114,5601,09/13/2020,102.85714285714286
198,198,2,167,5603,09/14/2020,116.14285714285714
199,199,0,149,5603,09/15/2020,119.14285714285714
200,200,0,164,5603,09/16/2020,125.57142857142857
201,201,1,122,5604,09/17/2020,125.28571428571428
202,202,2,104,5606,09/18/2020,124.42857142857143
203,203,2,37,5608,09/19/2020,122.42857142857143
204,204,3,60,5611,09/20/2020,114.71428571428572
205,205,1,248,5612,09/21/2020,126.28571428571428
206,206,3,170,5615,09/22/2020,129.28571428571428
207,207,1,234,5616,09/23/2020,139.28571428571428
208,208,1,236,5617,09/24/2020,155.57142857142858
209,209,0,186,5617,09/25/2020,167.28571428571428
210,210,1,108,5618,09/26/2020,177.4285714285714
211,211,2,181,5620,09/27/2020,194.7142857142857
212,212,1,139,5621,09/28/2020,179.14285714285714
213,213,2,334,5623,09/29/2020,202.57142857142856
214,214,4,270,5627,09/30/2020,207.7142857142857
215,215,1,292,5628,10/01/2020,215.7142857142857
216,216,1,263,5629,10/02/2020,226.7142857142857
217,217,1,81,5630,10/03/2020,222.85714285714286
218,218,3,162,5633,10/04/2020,220.14285714285717
219,219,0,354,5633,10/05/2020,250.85714285714286
220,220,2,249,5635,10/06/2020,238.7142857142857
221,221,1,223,5636,10/07/2020,232.0
222,222,3,216,5639,10/08/2020,221.14285714285717
223,223,0,184,5639,10/09/2020,209.85714285714286
224,224,0,95,5639,10/10/2020,211.85714285714286
225,225,2,115,5641,10/11/2020,205.14285714285717
226,226,1,223,5642,10/12/2020,186.42857142857144
227,227,3,225,5645,10/13/2020,183.0
228,228,3,211,5648,10/14/2020,181.28571428571428
229,229,2,237,5650,10/15/2020,184.28571428571428
230,230,3,163,5653,10/16/2020,181.28571428571428
231,231,3,91,5656,10/17/2020,180.7142857142857
232,232,1,171,5657,10/18/2020,188.7142857142857
233,233,6,204,5663,10/19/2020,186.0
234,234,2,214,5665,10/20/2020,184.42857142857144
235,235,3,203,5668,10/21/2020,183.28571428571428
236,236,2,243,5670,10/22/2020,184.14285714285717
237,237,0,198,5670,10/23/2020,189.14285714285717
238,238,0,119,5670,10/24/2020,193.14285714285717
239,239,3,128,5673,10/25/2020,187.0
240,240,2,220,5675,10/26/2020,189.28571428571428
241,241,3,236,5678,10/27/2020,192.42857142857144
242,242,3,231,5681,10/28/2020,196.42857142857144
243,243,2,193,5683,10/29/2020,189.28571428571428
244,244,4,191,5687,10/30/2020,188.28571428571428
245,245,2,118,5689,10/31/2020,188.14285714285717
246,246,9,230,5698,11/01/2020,202.7142857142857
247,247,7,336,5705,11/02/2020,219.28571428571428
248,248,6,319,5711,11/03/2020,231.14285714285717
249,249,7,310,5718,11/04/2020,242.42857142857144
250,250,4,313,5722,11/05/2020,259.57142857142856
251,251,2,238,5724,11/06/2020,266.2857142857143
252,252,5,222,5729,11/07/2020,281.14285714285717
253,253,2,224,5731,11/08/2020,280.2857142857143
254,254,1,416,5732,11/09/2020,291.7142857142857
255,255,2,456,5734,11/10/2020,311.2857142857143
256,256,2,395,5736,11/11/2020,323.42857142857144
257,257,6,383,5742,11/12/2020,333.42857142857144
258,258,1,357,5743,11/13/2020,350.42857142857144
259,259,5,239,5748,11/14/2020,352.8571428571428
260,260,6,231,5754,11/15/2020,353.8571428571428
261,261,2,496,5756,11/16/2020,365.28571428571433
262,262,3,493,5759,11/17/2020,370.57142857142856
263,263,4,463,5763,11/18/2020,380.28571428571433
264,264,6,489,5769,11/19/2020,395.4285714285714
265,265,2,434,5771,11/20/2020,406.4285714285714
266,266,3,354,5774,11/21/2020,422.8571428571428
267,267,1,339,5775,11/22/2020,438.28571428571433
268,268,7,571,5782,11/23/2020,449.0
269,269,2,553,5784,11/24/2020,457.57142857142856
270,270,4,627,5788,11/25/2020,481.0
271,271,3,243,5791,11/26/2020,445.8571428571428
272,272,3,604,5794,11/27/2020,470.1428571428572
273,273,3,444,5797,11/28/2020,483.0
274,274,3,502,5800,11/29/2020,506.28571428571433
275,275,4,862,5804,11/30/2020,547.8571428571429
276,276,3,879,5807,12/01/2020,594.4285714285714
277,277,10,805,5817,12/02/2020,619.8571428571429
278,278,4,822,5821,12/03/2020,702.5714285714287
279,279,6,762,5827,12/04/2020,725.1428571428571
280,280,6,505,5833,12/05/2020,733.8571428571429
281,281,4,554,5837,12/06/2020,741.2857142857142
282,282,7,963,5844,12/07/2020,755.7142857142858
283,283,8,921,5852,12/08/2020,761.7142857142858
284,284,9,909,5861,12/09/2020,776.5714285714287
285,285,2,941,5863,12/10/2020,793.5714285714287
286,286,8,834,5871,12/11/2020,803.8571428571429
287,287,9,594,5880,12/12/2020,816.5714285714287
288,288,5,646,5885,12/13/2020,829.7142857142858
289,289,6,1107,5891,12/14/2020,850.2857142857142
290,290,11,1058,5902,12/15/2020,869.8571428571429
291,291,15,842,5917,12/16/2020,860.2857142857142
292,292,6,648,5923,12/17/2020,818.4285714285713
293,293,13,1024,5936,12/18/2020,845.5714285714287
294,294,9,767,5945,12/19/2020,870.2857142857142
295,295,5,766,5950,12/20/2020,887.4285714285713
296,296,7,1307,5957,12/21/2020,916.0
297,297,16,1254,5973,12/22/2020,944.0
298,298,13,1092,5986,12/23/2020,979.7142857142856
299,299,9,964,5995,12/24/2020,1024.857142857143
300,300,12,341,6007,12/25/2020,927.2857142857144
301,301,8,1017,6015,12/26/2020,963.0
302,302,14,910,6029,12/27/2020,983.5714285714287
303,303,13,1593,6042,12/28/2020,1024.4285714285713
304,304,15,1411,6057,12/29/2020,1046.857142857143
305,305,16,1390,6073,12/30/2020,1089.4285714285713
306,306,21,933,6094,12/31/2020,1085.0
307,307,17,406,6111,01/01/2021,1094.2857142857142
308,308,17,1106,6128,01/02/2021,1107.0
309,309,11,1052,6139,01/03/2021,1127.2857142857142
310,310,24,1890,6163,01/04/2021,1169.7142857142858
311,311,22,1758,6185,01/05/2021,1219.2857142857142
312,312,19,1595,6204,01/06/2021,1248.5714285714287
313,313,18,1626,6222,01/07/2021,1347.5714285714287
314,314,14,1451,6236,01/08/2021,1496.857142857143
315,315,21,997,6257,01/09/2021,1481.2857142857142
316,316,17,1006,6274,01/10/2021,1474.7142857142858
317,317,12,1754,6286,01/11/2021,1455.2857142857142
318,318,29,1610,6315,01/12/2021,1434.142857142857
319,319,21,1535,6336,01/13/2021,1425.571428571429
320,320,22,1552,6358,01/14/2021,1415.0
321,321,10,1392,6368,01/15/2021,1406.571428571429
322,322,20,1071,6388,01/16/2021,1417.142857142857
323,323,24,898,6412,01/17/2021,1401.7142857142858
324,324,22,1458,6434,01/18/2021,1359.4285714285713
325,325,27,1470,6461,01/19/2021,1339.4285714285713
326,326,27,1347,6488,01/20/2021,1312.5714285714287
327,327,20,1391,6508,01/21/2021,1289.5714285714287
328,328,31,1317,6539,01/22/2021,1278.857142857143
329,329,28,909,6567,01/23/2021,1255.7142857142858
330,330,20,890,6587,01/24/2021,1254.5714285714287
331,331,19,1709,6606,01/25/2021,1290.4285714285713
332,332,31,1364,6637,01/26/2021,1275.2857142857142
333,333,30,1444,6667,01/27/2021,1289.142857142857
334,334,16,1401,6683,01/28/2021,1290.5714285714287
335,335,26,1105,6709,01/29/2021,1260.2857142857142
336,336,27,858,6736,01/30/2021,1253.0
337,337,27,875,6763,01/31/2021,1250.857142857143
338,338,22,346,6785,02/01/2021,1056.142857142857
339,339,30,865,6815,02/02/2021,984.8571428571428
340,340,20,1458,6835,02/03/2021,986.8571428571428
341,341,26,1386,6861,02/04/2021,984.7142857142856
342,342,32,1235,6893,02/05/2021,1003.2857142857144
343,343,26,895,6919,02/06/2021,1008.5714285714287
344,344,19,566,6938,02/07/2021,964.4285714285713
345,345,23,1337,6961,02/08/2021,1106.0
346,346,24,1047,6985,02/09/2021,1132.0
347,347,21,1046,7006,02/10/2021,1073.142857142857
348,348,29,925,7035,02/11/2021,1007.2857142857144
349,349,24,933,7059,02/12/2021,964.1428571428572
350,350,25,664,7084,02/13/2021,931.1428571428572
351,351,27,573,7111,02/14/2021,932.1428571428572
352,352,26,836,7137,02/15/2021,860.5714285714287
353,353,31,1082,7168,02/16/2021,865.5714285714287
354,354,21,989,7189,02/17/2021,857.4285714285713
355,355,19,578,7208,02/18/2021,807.8571428571429
356,356,16,836,7224,02/19/2021,794.0
357,357,16,646,7240,02/20/2021,791.4285714285713
358,358,13,756,7253,02/21/2021,817.5714285714287
359,359,26,1024,7279,02/22/2021,844.4285714285713
360,360,17,955,7296,02/23/2021,826.2857142857142
361,361,18,896,7314,02/24/2021,813.0
362,362,18,848,7332,02/25/2021,851.5714285714287
363,363,8,588,7340,02/26/2021,816.1428571428571
