,County,Date,Total negative tests,Total cases,Deaths per day,Cases per day,Negative tests per day,Tests per day,Total deaths,7 day rolling case average,7 day rolling deaths average,7 day rolling tests average
0,Racine,3/15/2020,0,1,0,0,0,0,0,,,
1,Racine,3/16/2020,0,1,0,0,0,0,0,,,
2,Racine,6/22/2020,21702,2090,0,9,490,499,0,,,
3,Racine,6/20/2020,21056,2079,1,13,440,453,1,,,
4,Racine,6/1/2020,11297,1733,3,11,15,26,4,,,
5,Racine,6/2/2020,11729,1762,1,29,432,461,5,,,
6,Racine,6/3/2020,13106,1797,0,35,1377,1412,5,13.857142857142858,0.7142857142857143,0.03402314977200982
7,Racine,6/4/2020,13664,1838,3,41,558,599,8,19.714285714285715,1.1428571428571428,0.04
8,Racine,6/5/2020,14182,1878,2,40,518,558,10,25.428571428571427,1.4285714285714286,0.04441117764471058
9,Racine,4/24/2020,1677,229,0,14,85,99,10,26.142857142857142,1.4285714285714286,0.05072062084257206
10,Racine,4/25/2020,1766,255,0,26,89,115,10,28.0,1.2857142857142858,0.05993883792048929
11,Racine,4/26/2020,1866,270,0,15,100,115,10,28.571428571428573,0.8571428571428571,0.05954153021732659
12,Racine,4/27/2020,1880,273,0,3,14,17,10,24.857142857142858,0.7142857142857143,0.05969125214408233
13,Racine,4/28/2020,2021,308,2,35,141,176,12,24.857142857142858,1.0,0.10363311494937463
14,Racine,4/29/2020,2121,317,0,9,100,109,12,20.285714285714285,0.5714285714285714,0.11942809083263245
15,Racine,4/30/2020,2251,355,0,38,130,168,12,20.0,0.2857142857142857,0.17521902377972468
16,Racine,5/1/2020,2447,393,1,38,196,234,13,23.428571428571427,0.42857142857142855,0.17558886509635974
17,Racine,5/2/2020,2517,408,0,15,70,85,13,21.857142857142858,0.42857142857142855,0.16924778761061948
18,Racine,5/3/2020,2572,435,0,27,55,82,13,23.571428571428573,0.42857142857142855,0.1894374282433984
19,Racine,5/4/2020,2636,457,1,22,64,86,14,26.285714285714285,0.5714285714285714,0.19574468085106383
20,Racine,5/5/2020,3050,535,1,78,414,492,15,32.42857142857143,0.42857142857142855,0.18073248407643314
21,Racine,5/6/2020,3095,559,0,24,45,69,15,34.57142857142857,0.42857142857142855,0.1990131578947368
22,Racine,5/7/2020,3283,590,1,31,188,219,16,33.57142857142857,0.5714285714285714,0.18547750591949486
23,Racine,5/15/2020,4738,920,1,87,345,432,17,40.57142857142857,0.5714285714285714,0.19385665529010238
24,Racine,5/16/2020,4931,1004,0,84,193,277,17,50.42857142857143,0.5714285714285714,0.21303560651780326
25,Racine,5/17/2020,5094,1017,0,13,163,176,17,48.42857142857143,0.5714285714285714,0.19360365505425473
26,Racine,5/18/2020,5179,1034,0,17,85,102,17,47.714285714285715,0.42857142857142855,0.18902093944538767
27,Racine,5/19/2020,5463,1061,1,27,284,311,18,40.42857142857143,0.42857142857142855,0.17843631778058008
28,Racine,5/20/2020,5883,1115,1,54,420,474,19,44.714285714285715,0.5714285714285714,0.15720743345052737
29,Racine,5/21/2020,6236,1166,0,51,353,404,19,47.57142857142857,0.42857142857142855,0.15303308823529413
30,Racine,5/22/2020,6924,1269,2,103,688,791,21,49.857142857142854,0.5714285714285714,0.13767258382642997
31,Racine,5/23/2020,7192,1311,0,42,268,310,21,43.857142857142854,0.5714285714285714,0.11954828660436137
32,Racine,5/24/2020,7801,1387,0,76,609,685,21,52.857142857142854,0.5714285714285714,0.12024699382515437
33,Racine,5/25/2020,8059,1394,3,7,258,265,24,51.42857142857143,1.0,0.11111111111111112
34,Racine,5/26/2020,8331,1395,0,1,272,273,24,47.714285714285715,0.8571428571428571,0.10430980637101811
35,Racine,5/27/2020,9348,1579,3,184,1017,1201,27,66.28571428571429,1.1428571428571428,0.11809620768643421
36,Racine,5/28/2020,9960,1605,5,26,612,638,32,62.714285714285715,1.8571428571428572,0.10545279846264714
37,Racine,5/29/2020,10597,1652,2,47,637,684,34,54.714285714285715,1.8571428571428572,0.09442800788954635
38,Racine,5/8/2020,3433,634,0,44,150,194,34,55.0,1.8571428571428572,0.09771573604060912
39,Racine,5/9/2020,3675,680,0,46,242,288,34,50.714285714285715,1.8571428571428572,0.10019757267852103
40,Racine,5/10/2020,3819,704,0,24,144,168,34,53.142857142857146,1.4285714285714286,0.10795124782356356
41,Racine,5/11/2020,3821,724,0,20,2,22,34,55.857142857142854,1.4285714285714286,0.12237871674491392
42,Racine,5/12/2020,4135,763,1,39,314,353,35,35.142857142857146,1.1428571428571428,0.1048146570089476
43,Racine,5/13/2020,4185,785,0,22,50,72,35,34.57142857142857,0.42857142857142855,0.13587871982032565
44,Racine,5/14/2020,4393,833,0,48,208,256,35,34.714285714285715,0.14285714285714285,0.1796008869179601
45,Racine,3/17/2020,0,1,0,0,0,0,35,28.428571428571427,0.14285714285714285,0.1716997411561691
46,Racine,3/18/2020,0,1,0,0,0,0,35,21.857142857142858,0.14285714285714285,0.1756601607347876
47,Racine,3/19/2020,0,3,0,2,0,0,35,18.714285714285715,0.14285714285714285,0.18634423897581792
48,Racine,3/20/2020,0,3,0,0,0,0,35,15.857142857142858,0.14285714285714285,0.16299559471365638
49,Racine,3/21/2020,0,4,0,1,0,0,35,10.428571428571429,0.0,0.22256097560975613
50,Racine,3/22/2020,0,4,0,0,0,0,35,7.285714285714286,0.0,0.19921875
51,Racine,3/23/2020,0,5,0,1,0,0,35,0.5714285714285714,0.0,inf
52,Racine,3/24/2020,0,5,0,0,0,0,35,0.5714285714285714,0.0,inf
53,Racine,3/25/2020,0,7,0,2,0,0,35,0.8571428571428571,0.0,inf
54,Racine,3/26/2020,0,8,0,1,0,0,35,0.7142857142857143,0.0,inf
55,Racine,3/27/2020,0,9,0,1,0,0,35,0.8571428571428571,0.0,inf
56,Racine,3/28/2020,0,16,0,7,0,0,35,1.7142857142857142,0.0,inf
57,Racine,3/29/2020,0,17,0,1,0,0,35,1.8571428571428572,0.0,inf
58,Racine,3/30/2020,337,21,0,4,0,0,35,2.2857142857142856,0.0,inf
59,Racine,3/31/2020,373,26,0,5,36,41,35,3.0,0.0,0.5121951219512195
60,Racine,4/1/2020,420,28,0,2,47,49,35,3.0,0.0,0.23333333333333334
61,Racine,4/2/2020,471,35,0,7,51,58,35,3.857142857142857,0.0,0.18243243243243243
62,Racine,4/3/2020,521,41,0,6,50,56,35,4.571428571428571,0.0,0.1568627450980392
63,Racine,4/4/2020,555,48,1,7,34,41,36,4.571428571428571,0.14285714285714285,0.13061224489795917
64,Racine,4/5/2020,575,54,0,6,20,26,36,5.285714285714286,0.14285714285714285,0.13653136531365312
65,Racine,4/6/2020,597,57,1,3,22,25,37,5.142857142857143,0.2857142857142857,0.12162162162162163
66,Racine,4/7/2020,733,66,0,9,136,145,37,5.714285714285714,0.2857142857142857,0.09999999999999999
67,Racine,4/8/2020,768,77,0,11,35,46,37,7.0,0.2857142857142857,0.1234256926952141
68,Racine,4/9/2020,810,84,0,7,42,49,37,7.0,0.2857142857142857,0.12628865979381443
69,Racine,4/10/2020,857,100,1,16,47,63,38,8.428571428571429,0.42857142857142855,0.14936708860759493
70,Racine,4/11/2020,880,105,0,5,23,28,38,8.142857142857142,0.2857142857142857,0.14921465968586387
71,Racine,4/12/2020,934,117,1,12,54,66,39,9.0,0.42857142857142855,0.14928909952606637
72,Racine,4/13/2020,934,117,0,0,0,0,39,8.571428571428571,0.2857142857142857,0.15113350125944583
73,Racine,4/14/2020,1063,135,1,18,129,147,40,9.857142857142858,0.42857142857142855,0.1729323308270677
74,Racine,4/15/2020,1099,138,1,3,36,39,41,8.714285714285714,0.5714285714285714,0.15561224489795916
75,Racine,4/16/2020,1150,143,0,5,51,56,41,8.428571428571429,0.5714285714285714,0.14786967418546365
76,Racine,4/17/2020,1212,157,2,14,62,76,43,8.142857142857142,0.7142857142857143,0.1383495145631068
77,Racine,4/18/2020,1283,164,0,7,71,78,43,8.428571428571429,0.7142857142857143,0.1277056277056277
78,Racine,4/19/2020,1315,168,1,4,32,36,44,7.285714285714286,0.7142857142857143,0.11805555555555555
79,Racine,4/20/2020,1336,174,1,6,21,27,45,8.142857142857142,0.8571428571428571,0.12418300653594772
80,Racine,4/21/2020,1444,185,0,11,108,119,45,7.142857142857143,0.7142857142857143,0.1160092807424594
81,Racine,4/22/2020,1505,198,0,13,61,74,45,8.571428571428571,0.5714285714285714,0.12875536480686695
82,Racine,4/23/2020,1592,215,0,17,87,104,45,10.285714285714286,0.5714285714285714,0.14007782101167315
83,Racine,6/6/2020,14806,1906,1,28,624,652,46,12.285714285714286,0.42857142857142855,0.07889908256880734
84,Racine,6/7/2020,15475,1910,0,4,669,673,46,11.857142857142858,0.42857142857142855,0.04925816023738872
85,Racine,6/8/2020,15480,1911,0,1,5,6,46,11.428571428571429,0.2857142857142857,0.04833836858006043
86,Racine,6/9/2020,16696,1939,4,28,1216,1244,50,14.571428571428571,0.7142857142857143,0.035515320334261836
87,Racine,6/10/2020,17007,1952,0,13,311,324,50,14.857142857142858,0.7142857142857143,0.033799155021124475
88,Racine,6/11/2020,17408,1966,0,14,401,415,50,15.0,0.7142857142857143,0.03071971913399649
89,Racine,6/12/2020,17703,1975,1,9,295,304,51,13.857142857142858,0.8571428571428571,0.026810392482034272
90,Racine,6/13/2020,18017,1986,2,11,314,325,53,11.428571428571429,1.0,0.024308720753570344
91,Racine,6/14/2020,18239,1989,0,3,222,225,53,11.285714285714286,1.0,0.027787548364403798
92,Racine,5/30/2020,10934,1714,1,62,337,399,54,20.0,1.1428571428571428,0.04326328800988875
93,Racine,5/31/2020,11282,1722,1,8,348,356,55,17.142857142857142,0.7142857142857143,0.05110732538330494
94,Racine,6/15/2020,18336,1991,0,2,97,99,55,15.571428571428571,0.7142857142857143,0.05134243994347621
95,Racine,6/16/2020,19120,2033,1,42,784,826,56,19.571428571428573,0.8571428571428571,0.054064719810576166
96,Racine,7/6/2020,27446,2218,0,1,3,4,56,18.428571428571427,0.7142857142857143,0.0577439570277529
97,Racine,7/5/2020,27443,2217,0,21,147,168,56,19.857142857142858,0.42857142857142855,0.06692344727973037
98,Racine,7/4/2020,27296,2196,0,2,-5,-3,56,19.714285714285715,0.42857142857142855,0.0746349378042185
99,Racine,7/3/2020,27301,2194,1,7,318,325,57,11.857142857142858,0.42857142857142855,0.04676056338028169
100,Racine,7/2/2020,26983,2187,1,11,733,744,58,12.285714285714286,0.42857142857142855,0.039759593157651416
101,Racine,6/17/2020,19380,2039,1,6,260,266,59,12.857142857142858,0.5714285714285714,0.03862660944206009
102,Racine,6/18/2020,19770,2053,0,14,390,404,59,8.857142857142858,0.42857142857142855,0.032494758909853254
103,Racine,6/19/2020,20616,2066,1,13,846,859,60,10.571428571428571,0.5714285714285714,0.02678248280854144
104,Racine,6/21/2020,21212,2081,0,2,156,158,60,7.857142857142857,0.5714285714285714,0.019978205593897565
105,Racine,6/25/2020,23801,2124,0,10,392,402,60,9.0,0.5714285714285714,0.019949335022165927
106,Racine,6/26/2020,24143,2144,0,20,342,362,60,10.857142857142858,0.42857142857142855,0.02378716744913928
107,Racine,6/24/2020,23409,2114,1,7,465,472,61,10.285714285714286,0.42857142857142855,0.024632227163872738
108,Racine,6/23/2020,22944,2107,2,17,1242,1259,63,11.857142857142858,0.5714285714285714,0.021195097037793667
109,Racine,6/27/2020,24363,2148,0,4,220,224,63,10.428571428571429,0.5714285714285714,0.01953961456102784
110,Racine,6/28/2020,24530,2151,0,3,167,170,63,9.0,0.42857142857142855,0.020676074827699377
111,Racine,6/29/2020,24939,2155,0,4,409,413,63,9.285714285714286,0.42857142857142855,0.01968503937007874
112,Racine,6/30/2020,25716,2171,2,16,777,793,65,10.142857142857142,0.7142857142857143,0.019225561873815324
113,Racine,7/1/2020,26250,2176,0,5,534,539,65,8.0,0.7142857142857143,0.014470284237726097
114,Racine,7/14/2020,31653,2391,0,42,858,900,65,13.0,0.5714285714285714,0.021172638436482084
115,Racine,7/10/2020,29928,2306,0,12,303,315,65,12.285714285714286,0.2857142857142857,0.02564102564102564
116,Racine,7/9/2020,29625,2294,0,22,389,411,65,14.857142857142858,0.2857142857142857,0.029370234397062978
117,Racine,7/8/2020,29236,2272,0,19,463,482,65,17.142857142857142,0.2857142857142857,0.031144562678432387
118,Racine,7/7/2020,28773,2253,0,35,1327,1362,65,21.571428571428573,0.2857142857142857,0.031445231153685964
119,Racine,7/13/2020,30795,2349,0,10,72,82,65,20.714285714285715,0.0,0.0354436568076265
120,Racine,7/11/2020,30612,2326,0,20,684,704,65,22.857142857142858,0.0,0.03759398496240601
121,Racine,7/12/2020,30723,2339,0,13,111,124,65,18.714285714285715,0.0,0.03764367816091954
122,Racine,7/17/2020,33227,2519,0,56,418,474,65,25.0,0.0,0.04809013465237703
123,Racine,7/16/2020,32809,2463,1,45,690,735,66,28.285714285714285,0.14285714285714285,0.04996214988644966
124,Racine,7/15/2020,32119,2418,0,27,466,493,66,29.428571428571427,0.14285714285714285,0.05183694011071968
125,Racine,7/19/2020,34091,2589,0,25,163,188,66,28.0,0.14285714285714285,0.07
126,Racine,7/18/2020,33928,2564,0,45,701,746,66,33.0,0.14285714285714285,0.06668591224018476
