,Deaths,Cases,Total Deaths,Date,7 day average
0,0,0,0,02/29/2020,0.0
1,0,0,0,03/01/2020,0.0
2,0,0,0,03/02/2020,0.0
3,0,0,0,03/03/2020,0.0
4,0,1,0,03/04/2020,0.5
5,0,3,0,03/05/2020,0.5
6,0,1,0,03/06/2020,0.7142857142857143
7,0,2,0,03/07/2020,1.0
8,0,5,0,03/08/2020,1.7142857142857142
9,0,16,0,03/09/2020,4.0
10,0,11,0,03/10/2020,5.571428571428571
11,0,31,0,03/11/2020,9.857142857142858
12,0,96,0,03/12/2020,23.142857142857142
13,0,166,0,03/13/2020,46.714285714285715
14,1,164,1,03/14/2020,69.85714285714286
15,0,433,1,03/15/2020,131.0
16,1,740,2,03/16/2020,234.42857142857142
17,4,785,6,03/17/2020,345.0
18,6,971,12,03/18/2020,479.2857142857143
19,6,1206,18,03/19/2020,637.8571428571429
20,11,1139,29,03/20/2020,776.8571428571429
21,12,555,41,03/21/2020,832.7142857142857
22,10,756,51,03/22/2020,878.8571428571429
23,27,908,78,03/23/2020,902.8571428571429
24,23,1212,101,03/24/2020,963.8571428571429
25,36,1240,137,03/25/2020,1002.2857142857143
26,50,1377,187,03/26/2020,1026.7142857142858
27,75,1430,262,03/27/2020,1068.2857142857142
28,78,862,340,03/28/2020,1112.142857142857
29,90,1146,430,03/29/2020,1167.857142857143
30,106,1757,536,03/30/2020,1289.142857142857
31,126,1519,662,03/31/2020,1333.0
32,136,1608,798,04/01/2020,1385.5714285714287
33,168,1642,966,04/02/2020,1423.4285714285713
34,141,1448,1107,04/03/2020,1426.0
35,163,922,1270,04/04/2020,1434.5714285714287
36,167,1150,1437,04/05/2020,1435.142857142857
37,169,1498,1606,04/06/2020,1398.142857142857
38,179,1420,1785,04/07/2020,1384.0
39,173,1324,1958,04/08/2020,1343.4285714285713
40,190,1373,2148,04/09/2020,1305.0
41,178,1158,2326,04/10/2020,1263.5714285714287
42,160,1130,2486,04/11/2020,1293.2857142857142
43,200,701,2686,04/12/2020,1229.142857142857
44,159,1065,2845,04/13/2020,1167.2857142857142
45,153,1037,2998,04/14/2020,1112.5714285714287
46,131,883,3129,04/15/2020,1049.5714285714287
47,126,883,3255,04/16/2020,979.5714285714286
48,118,959,3373,04/17/2020,951.1428571428571
49,117,574,3490,04/18/2020,871.7142857142857
50,118,636,3608,04/19/2020,862.4285714285714
51,95,982,3703,04/20/2020,850.5714285714286
52,91,899,3794,04/21/2020,830.8571428571429
53,108,853,3902,04/22/2020,826.5714285714286
54,106,791,4008,04/23/2020,813.4285714285714
55,93,629,4101,04/24/2020,766.2857142857143
56,76,404,4177,04/25/2020,742.0
57,61,332,4238,04/26/2020,698.5714285714286
58,88,610,4326,04/27/2020,645.4285714285714
59,57,715,4383,04/28/2020,619.1428571428571
60,72,682,4455,04/29/2020,594.7142857142857
61,66,600,4521,04/30/2020,567.4285714285714
62,55,498,4576,05/01/2020,548.7142857142857
63,46,264,4622,05/02/2020,528.7142857142857
64,46,248,4668,05/03/2020,516.7142857142857
65,42,462,4710,05/04/2020,495.57142857142856
66,49,434,4759,05/05/2020,455.42857142857144
67,38,452,4797,05/06/2020,422.57142857142856
68,45,402,4842,05/07/2020,394.2857142857143
69,43,344,4885,05/08/2020,372.2857142857143
70,28,119,4913,05/09/2020,351.57142857142856
71,26,188,4939,05/10/2020,343.0
72,32,410,4971,05/11/2020,335.57142857142856
73,33,400,5004,05/12/2020,330.7142857142857
74,23,363,5027,05/13/2020,318.0
75,14,332,5041,05/14/2020,308.0
76,26,259,5067,05/15/2020,295.85714285714283
77,24,164,5091,05/16/2020,302.2857142857143
78,19,137,5110,05/17/2020,295.0
79,16,268,5126,05/18/2020,274.7142857142857
80,16,329,5142,05/19/2020,264.57142857142856
81,21,326,5163,05/20/2020,259.2857142857143
82,15,345,5178,05/21/2020,261.14285714285717
83,14,387,5192,05/22/2020,279.42857142857144
84,20,163,5212,05/23/2020,279.2857142857143
85,12,179,5224,05/24/2020,285.2857142857143
86,14,175,5238,05/25/2020,272.0
87,11,339,5249,05/26/2020,273.42857142857144
88,11,260,5260,05/27/2020,264.0
89,12,229,5272,05/28/2020,247.42857142857142
90,16,173,5288,05/29/2020,216.85714285714286
91,11,111,5299,05/30/2020,209.42857142857142
92,11,80,5310,05/31/2020,195.28571428571428
93,10,253,5320,06/01/2020,206.42857142857142
94,6,197,5326,06/02/2020,186.14285714285714
95,13,143,5339,06/03/2020,169.42857142857142
96,10,132,5349,06/04/2020,155.57142857142858
97,6,132,5355,06/05/2020,149.71428571428572
98,10,59,5365,06/06/2020,142.28571428571428
99,5,53,5370,06/07/2020,138.42857142857142
100,13,112,5383,06/08/2020,118.28571428571429
101,7,127,5390,06/09/2020,108.28571428571429
102,11,98,5401,06/10/2020,101.85714285714286
103,5,109,5406,06/11/2020,98.57142857142857
104,6,124,5412,06/12/2020,97.42857142857143
105,4,53,5416,06/13/2020,96.57142857142857
106,7,55,5423,06/14/2020,96.85714285714286
107,4,112,5427,06/15/2020,96.85714285714286
108,5,135,5432,06/16/2020,98.0
109,7,111,5439,06/17/2020,99.85714285714286
110,4,112,5443,06/18/2020,100.28571428571429
111,3,91,5446,06/19/2020,95.57142857142857
112,4,45,5450,06/20/2020,94.42857142857143
113,6,52,5456,06/21/2020,94.0
114,7,109,5463,06/22/2020,93.57142857142857
115,9,96,5472,06/23/2020,88.0
116,11,101,5483,06/24/2020,86.57142857142857
117,6,81,5489,06/25/2020,82.14285714285714
118,3,94,5492,06/26/2020,82.57142857142857
119,11,69,5503,06/27/2020,86.0
120,1,59,5504,06/28/2020,87.0
121,5,127,5509,06/29/2020,89.57142857142857
122,5,134,5514,06/30/2020,95.0
123,5,120,5519,07/01/2020,97.71428571428571
124,4,125,5523,07/02/2020,104.0
125,6,72,5529,07/03/2020,100.85714285714286
126,6,23,5535,07/04/2020,94.28571428571429
127,5,54,5540,07/05/2020,93.57142857142857
128,5,143,5545,07/06/2020,95.85714285714286
129,4,121,5549,07/07/2020,94.0
130,5,122,5554,07/08/2020,94.28571428571429
131,4,104,5558,07/09/2020,91.28571428571429
132,3,90,5561,07/10/2020,93.85714285714286
133,2,72,5563,07/11/2020,100.85714285714286
134,4,56,5567,07/12/2020,101.14285714285714
135,2,119,5569,07/13/2020,97.71428571428571
136,4,111,5573,07/14/2020,96.28571428571429
137,2,149,5575,07/15/2020,100.14285714285714
138,3,88,5578,07/16/2020,97.85714285714286
139,1,102,5579,07/17/2020,99.57142857142857
140,5,56,5584,07/18/2020,97.28571428571429
141,2,40,5586,07/19/2020,95.0
142,4,70,5590,07/20/2020,88.0
143,5,68,5595,07/21/2020,81.85714285714286
144,1,69,5596,07/22/2020,70.42857142857143
145,4,58,5600,07/23/2020,66.14285714285714
146,2,48,5602,07/24/2020,58.42857142857143
147,1,20,5603,07/25/2020,53.285714285714285
148,4,29,5607,07/26/2020,51.714285714285715
149,2,63,5609,07/27/2020,50.714285714285715
150,1,61,5610,07/28/2020,49.714285714285715
151,0,53,5610,07/29/2020,47.42857142857143
152,2,66,5612,07/30/2020,48.57142857142857
153,0,38,5612,07/31/2020,47.142857142857146
154,2,29,5614,08/01/2020,48.42857142857143
155,0,10,5614,08/02/2020,45.714285714285715
156,0,2,5614,08/03/2020,37.0
