,Deaths,Cases,Total Deaths,Date,7 day average
0,0,0,0,02/29/2020,0.0
1,0,0,0,03/01/2020,0.0
2,0,0,0,03/02/2020,0.0
3,0,0,0,03/03/2020,0.0
4,0,1,0,03/04/2020,0.5
5,0,3,0,03/05/2020,0.5
6,0,1,0,03/06/2020,0.7142857142857143
7,0,2,0,03/07/2020,1.0
8,0,5,0,03/08/2020,1.7142857142857142
9,0,16,0,03/09/2020,4.0
10,0,11,0,03/10/2020,5.571428571428571
11,0,31,0,03/11/2020,9.857142857142858
12,0,96,0,03/12/2020,23.142857142857142
13,0,166,0,03/13/2020,46.714285714285715
14,1,163,1,03/14/2020,69.71428571428571
15,0,433,1,03/15/2020,130.85714285714286
16,1,740,2,03/16/2020,234.28571428571428
17,4,783,6,03/17/2020,344.57142857142856
18,6,968,12,03/18/2020,478.42857142857144
19,6,1204,18,03/19/2020,636.7142857142857
20,11,1137,29,03/20/2020,775.4285714285714
21,12,554,41,03/21/2020,831.2857142857143
22,10,755,51,03/22/2020,877.2857142857143
23,27,911,78,03/23/2020,901.7142857142857
24,23,1212,101,03/24/2020,963.0
25,37,1253,138,03/25/2020,1003.7142857142857
26,50,1377,188,03/26/2020,1028.4285714285713
27,75,1425,263,03/27/2020,1069.5714285714287
28,78,862,341,03/28/2020,1113.5714285714287
29,90,1148,431,03/29/2020,1169.7142857142858
30,106,1755,537,03/30/2020,1290.2857142857142
31,126,1519,663,03/31/2020,1334.142857142857
32,135,1596,798,04/01/2020,1383.142857142857
33,170,1622,968,04/02/2020,1418.142857142857
34,142,1441,1110,04/03/2020,1420.4285714285713
35,163,921,1273,04/04/2020,1428.857142857143
36,167,1144,1440,04/05/2020,1428.2857142857142
37,169,1477,1609,04/06/2020,1388.5714285714287
38,181,1402,1790,04/07/2020,1371.857142857143
39,173,1315,1963,04/08/2020,1331.7142857142858
40,190,1369,2153,04/09/2020,1295.5714285714287
41,178,1154,2331,04/10/2020,1254.5714285714287
42,159,1129,2490,04/11/2020,1284.2857142857142
43,200,702,2690,04/12/2020,1221.142857142857
44,158,1065,2848,04/13/2020,1162.2857142857142
45,152,1037,3000,04/14/2020,1110.142857142857
46,132,881,3132,04/15/2020,1048.142857142857
47,126,884,3258,04/16/2020,978.8571428571429
48,118,960,3376,04/17/2020,951.1428571428571
49,116,575,3492,04/18/2020,872.0
50,118,635,3610,04/19/2020,862.4285714285714
51,95,983,3705,04/20/2020,850.7142857142857
52,92,897,3797,04/21/2020,830.7142857142857
53,108,854,3905,04/22/2020,826.8571428571429
54,106,786,4011,04/23/2020,812.8571428571429
55,93,629,4104,04/24/2020,765.5714285714286
56,76,405,4180,04/25/2020,741.2857142857143
57,61,332,4241,04/26/2020,698.0
58,88,609,4329,04/27/2020,644.5714285714286
59,57,712,4386,04/28/2020,618.1428571428571
60,72,682,4458,04/29/2020,593.5714285714286
61,66,600,4524,04/30/2020,567.0
62,56,499,4580,05/01/2020,548.4285714285714
63,45,264,4625,05/02/2020,528.2857142857143
64,45,247,4670,05/03/2020,516.1428571428571
65,42,462,4712,05/04/2020,495.14285714285717
66,49,434,4761,05/05/2020,455.42857142857144
67,38,451,4799,05/06/2020,422.42857142857144
68,46,402,4845,05/07/2020,394.14285714285717
69,43,344,4888,05/08/2020,372.0
70,28,119,4916,05/09/2020,351.2857142857143
71,26,188,4942,05/10/2020,342.85714285714283
72,33,410,4975,05/11/2020,335.42857142857144
73,33,400,5008,05/12/2020,330.57142857142856
74,23,362,5031,05/13/2020,317.85714285714283
75,14,334,5045,05/14/2020,308.14285714285717
76,26,259,5071,05/15/2020,296.0
77,24,165,5095,05/16/2020,302.57142857142856
78,19,137,5114,05/17/2020,295.2857142857143
79,17,266,5131,05/18/2020,274.7142857142857
80,16,329,5147,05/19/2020,264.57142857142856
81,21,325,5168,05/20/2020,259.2857142857143
82,15,337,5183,05/21/2020,259.7142857142857
83,15,362,5198,05/22/2020,274.42857142857144
84,20,152,5218,05/23/2020,272.57142857142856
85,12,167,5230,05/24/2020,276.85714285714283
86,14,165,5244,05/25/2020,262.42857142857144
87,12,320,5256,05/26/2020,261.14285714285717
88,11,246,5267,05/27/2020,249.85714285714286
89,12,222,5279,05/28/2020,233.42857142857142
90,16,168,5295,05/29/2020,205.71428571428572
91,11,106,5306,05/30/2020,199.14285714285714
92,11,84,5317,05/31/2020,187.28571428571428
93,10,252,5327,06/01/2020,199.71428571428572
94,6,185,5333,06/02/2020,180.42857142857142
95,13,133,5346,06/03/2020,164.28571428571428
96,10,131,5356,06/04/2020,151.28571428571428
97,6,130,5362,06/05/2020,145.85714285714286
98,10,59,5372,06/06/2020,139.14285714285714
99,6,52,5378,06/07/2020,134.57142857142858
100,13,112,5391,06/08/2020,114.57142857142857
101,6,121,5397,06/09/2020,105.42857142857143
102,11,97,5408,06/10/2020,100.28571428571429
103,4,115,5412,06/11/2020,98.0
104,6,123,5418,06/12/2020,97.0
105,4,52,5422,06/13/2020,96.0
106,7,53,5429,06/14/2020,96.14285714285714
107,4,102,5433,06/15/2020,94.71428571428571
108,5,133,5438,06/16/2020,96.42857142857143
109,7,113,5445,06/17/2020,98.71428571428571
110,4,112,5449,06/18/2020,98.28571428571429
111,3,91,5452,06/19/2020,93.71428571428571
112,4,46,5456,06/20/2020,92.85714285714286
113,6,54,5462,06/21/2020,93.0
114,7,109,5469,06/22/2020,94.0
115,9,95,5478,06/23/2020,88.57142857142857
116,11,101,5489,06/24/2020,86.85714285714286
117,5,81,5494,06/25/2020,82.42857142857143
118,3,94,5497,06/26/2020,82.85714285714286
119,11,71,5508,06/27/2020,86.42857142857143
120,1,58,5509,06/28/2020,87.0
121,5,126,5514,06/29/2020,89.42857142857143
122,5,127,5519,06/30/2020,94.0
123,5,121,5524,07/01/2020,96.85714285714286
124,4,129,5528,07/02/2020,103.71428571428571
125,4,72,5532,07/03/2020,100.57142857142857
126,6,23,5538,07/04/2020,93.71428571428571
127,5,53,5543,07/05/2020,93.0
128,4,142,5547,07/06/2020,95.28571428571429
129,4,123,5551,07/07/2020,94.71428571428571
130,5,121,5556,07/08/2020,94.71428571428571
131,4,104,5560,07/09/2020,91.14285714285714
132,3,91,5563,07/10/2020,93.85714285714286
133,2,72,5565,07/11/2020,100.85714285714286
134,4,55,5569,07/12/2020,101.14285714285714
135,2,123,5571,07/13/2020,98.42857142857143
136,4,110,5575,07/14/2020,96.57142857142857
137,2,149,5577,07/15/2020,100.57142857142857
138,3,91,5580,07/16/2020,98.71428571428571
139,0,103,5580,07/17/2020,100.42857142857143
140,5,58,5585,07/18/2020,98.42857142857143
141,3,40,5588,07/19/2020,96.28571428571429
142,4,85,5592,07/20/2020,90.85714285714286
143,5,79,5597,07/21/2020,86.42857142857143
144,1,96,5598,07/22/2020,78.85714285714286
145,5,84,5603,07/23/2020,77.85714285714286
146,2,67,5605,07/24/2020,72.71428571428571
147,2,35,5607,07/25/2020,69.42857142857143
148,4,40,5611,07/26/2020,69.42857142857143
149,2,80,5613,07/27/2020,68.71428571428571
150,1,106,5614,07/28/2020,72.57142857142857
151,1,72,5615,07/29/2020,69.14285714285714
152,2,97,5617,07/30/2020,71.0
153,1,79,5618,07/31/2020,72.71428571428571
154,3,58,5621,08/01/2020,76.0
155,2,41,5623,08/02/2020,76.14285714285714
156,0,93,5623,08/03/2020,78.0
157,2,48,5625,08/04/2020,69.71428571428571
158,0,94,5625,08/05/2020,72.85714285714286
159,2,85,5627,08/06/2020,71.14285714285714
160,0,89,5627,08/07/2020,72.57142857142857
161,1,56,5628,08/08/2020,72.28571428571429
162,0,48,5628,08/09/2020,73.28571428571429
163,1,72,5629,08/10/2020,70.28571428571429
164,1,80,5630,08/11/2020,74.85714285714286
165,0,114,5630,08/12/2020,77.71428571428571
166,2,85,5632,08/13/2020,77.71428571428571
167,1,79,5633,08/14/2020,76.28571428571429
168,2,33,5635,08/15/2020,73.0
169,1,49,5636,08/16/2020,73.14285714285714
170,1,95,5637,08/17/2020,76.42857142857143
171,0,64,5637,08/18/2020,74.14285714285714
172,1,68,5638,08/19/2020,67.57142857142857
173,3,55,5641,08/20/2020,63.285714285714285
174,0,74,5641,08/21/2020,62.57142857142857
175,2,35,5643,08/22/2020,62.857142857142854
176,0,56,5643,08/23/2020,63.857142857142854
177,1,86,5644,08/24/2020,62.57142857142857
178,2,83,5646,08/25/2020,65.28571428571429
179,1,116,5647,08/26/2020,72.14285714285714
180,0,94,5647,08/27/2020,77.71428571428571
181,1,77,5648,08/28/2020,78.14285714285714
182,1,37,5649,08/29/2020,78.42857142857143
183,2,60,5651,08/30/2020,79.0
184,0,115,5651,08/31/2020,83.14285714285714
185,0,92,5651,09/01/2020,84.42857142857143
186,3,96,5654,09/02/2020,81.57142857142857
187,2,91,5656,09/03/2020,81.14285714285714
188,1,71,5657,09/04/2020,80.28571428571429
189,3,46,5660,09/05/2020,81.57142857142857
190,2,86,5662,09/06/2020,85.28571428571429
191,0,74,5662,09/07/2020,79.42857142857143
192,1,126,5663,09/08/2020,84.28571428571429
193,0,118,5663,09/09/2020,87.42857142857143
194,0,127,5663,09/10/2020,92.57142857142857
195,1,110,5664,09/11/2020,98.14285714285714
196,0,50,5664,09/12/2020,98.71428571428571
197,2,117,5666,09/13/2020,103.14285714285714
198,2,162,5668,09/14/2020,115.71428571428571
199,0,148,5668,09/15/2020,118.85714285714286
200,0,159,5668,09/16/2020,124.71428571428571
201,1,124,5669,09/17/2020,124.28571428571429
202,2,102,5671,09/18/2020,123.14285714285714
203,2,35,5673,09/19/2020,121.0
204,1,60,5674,09/20/2020,112.85714285714286
205,1,246,5675,09/21/2020,124.85714285714286
206,3,164,5678,09/22/2020,127.14285714285714
207,1,223,5679,09/23/2020,136.28571428571428
208,1,225,5680,09/24/2020,150.71428571428572
209,0,182,5680,09/25/2020,162.14285714285714
210,1,102,5681,09/26/2020,171.71428571428572
211,2,173,5683,09/27/2020,187.85714285714286
212,2,138,5685,09/28/2020,172.42857142857142
213,3,304,5688,09/29/2020,192.42857142857142
214,3,248,5691,09/30/2020,196.0
215,1,233,5692,10/01/2020,197.14285714285714
216,0,129,5692,10/02/2020,189.57142857142858
217,0,23,5692,10/03/2020,178.28571428571428
218,0,7,5692,10/04/2020,154.57142857142858
