,Deaths,Cases,Total Deaths,Date,7 day average
0,0,0,0,02/29/2020,0.0
1,0,0,0,03/01/2020,0.0
2,0,0,0,03/02/2020,0.0
3,0,0,0,03/03/2020,0.0
4,0,1,0,03/04/2020,0.5
5,0,3,0,03/05/2020,0.5
6,0,1,0,03/06/2020,0.7142857142857143
7,0,2,0,03/07/2020,1.0
8,0,5,0,03/08/2020,1.7142857142857142
9,0,16,0,03/09/2020,4.0
10,0,11,0,03/10/2020,5.571428571428571
11,0,31,0,03/11/2020,9.857142857142858
12,0,96,0,03/12/2020,23.142857142857142
13,0,166,0,03/13/2020,46.714285714285715
14,1,164,1,03/14/2020,69.85714285714286
15,0,433,1,03/15/2020,131.0
16,1,741,2,03/16/2020,234.57142857142858
17,4,785,6,03/17/2020,345.14285714285717
18,6,970,12,03/18/2020,479.2857142857143
19,6,1205,18,03/19/2020,637.7142857142857
20,11,1139,29,03/20/2020,776.7142857142857
21,12,555,41,03/21/2020,832.5714285714286
22,10,756,51,03/22/2020,878.7142857142857
23,27,908,78,03/23/2020,902.5714285714286
24,23,1212,101,03/24/2020,963.5714285714286
25,36,1244,137,03/25/2020,1002.7142857142857
26,50,1377,187,03/26/2020,1027.2857142857142
27,75,1429,262,03/27/2020,1068.7142857142858
28,78,862,340,03/28/2020,1112.5714285714287
29,90,1146,430,03/29/2020,1168.2857142857142
30,106,1756,536,03/30/2020,1289.4285714285713
31,126,1518,662,03/31/2020,1333.142857142857
32,136,1608,798,04/01/2020,1385.142857142857
33,168,1642,966,04/02/2020,1423.0
34,141,1448,1107,04/03/2020,1425.7142857142858
35,163,921,1270,04/04/2020,1434.142857142857
36,167,1150,1437,04/05/2020,1434.7142857142858
37,169,1499,1606,04/06/2020,1398.0
38,179,1420,1785,04/07/2020,1384.0
39,172,1323,1957,04/08/2020,1343.2857142857142
40,189,1373,2146,04/09/2020,1304.857142857143
41,178,1158,2324,04/10/2020,1263.4285714285713
42,160,1130,2484,04/11/2020,1293.2857142857142
43,200,701,2684,04/12/2020,1229.142857142857
44,159,1065,2843,04/13/2020,1167.142857142857
45,153,1037,2996,04/14/2020,1112.4285714285713
46,131,883,3127,04/15/2020,1049.5714285714287
47,126,883,3253,04/16/2020,979.5714285714286
48,118,959,3371,04/17/2020,951.1428571428571
49,117,575,3488,04/18/2020,871.8571428571429
50,118,636,3606,04/19/2020,862.5714285714286
51,95,982,3701,04/20/2020,850.7142857142857
52,91,899,3792,04/21/2020,831.0
53,108,853,3900,04/22/2020,826.7142857142857
54,106,791,4006,04/23/2020,813.5714285714286
55,93,629,4099,04/24/2020,766.4285714285714
56,76,404,4175,04/25/2020,742.0
57,61,332,4236,04/26/2020,698.5714285714286
58,88,609,4324,04/27/2020,645.2857142857143
59,57,715,4381,04/28/2020,619.0
60,72,681,4453,04/29/2020,594.4285714285714
61,66,600,4519,04/30/2020,567.1428571428571
62,55,498,4574,05/01/2020,548.4285714285714
63,46,264,4620,05/02/2020,528.4285714285714
64,46,248,4666,05/03/2020,516.4285714285714
65,42,463,4708,05/04/2020,495.57142857142856
66,49,434,4757,05/05/2020,455.42857142857144
67,38,452,4795,05/06/2020,422.7142857142857
68,45,401,4840,05/07/2020,394.2857142857143
69,43,349,4883,05/08/2020,373.0
70,28,122,4911,05/09/2020,352.7142857142857
71,26,191,4937,05/10/2020,344.57142857142856
72,32,410,4969,05/11/2020,337.0
73,33,400,5002,05/12/2020,332.14285714285717
74,23,364,5025,05/13/2020,319.57142857142856
75,14,333,5039,05/14/2020,309.85714285714283
76,26,260,5065,05/15/2020,297.14285714285717
77,24,165,5089,05/16/2020,303.2857142857143
78,19,138,5108,05/17/2020,295.7142857142857
79,16,269,5124,05/18/2020,275.57142857142856
80,16,330,5140,05/19/2020,265.57142857142856
81,21,326,5161,05/20/2020,260.14285714285717
82,15,345,5176,05/21/2020,261.85714285714283
83,14,387,5190,05/22/2020,280.0
84,20,163,5210,05/23/2020,279.7142857142857
85,12,178,5222,05/24/2020,285.42857142857144
86,14,174,5236,05/25/2020,271.85714285714283
87,11,339,5247,05/26/2020,273.14285714285717
88,11,260,5258,05/27/2020,263.7142857142857
89,12,226,5270,05/28/2020,246.71428571428572
90,16,172,5286,05/29/2020,216.0
91,11,111,5297,05/30/2020,208.57142857142858
92,11,81,5308,05/31/2020,194.71428571428572
93,10,253,5318,06/01/2020,206.0
94,6,198,5324,06/02/2020,185.85714285714286
95,13,145,5337,06/03/2020,169.42857142857142
96,10,143,5347,06/04/2020,157.57142857142858
97,6,132,5353,06/05/2020,151.85714285714286
98,10,60,5363,06/06/2020,144.57142857142858
99,5,54,5368,06/07/2020,140.71428571428572
100,13,113,5381,06/08/2020,120.71428571428571
101,7,129,5388,06/09/2020,110.85714285714286
102,11,99,5399,06/10/2020,104.28571428571429
103,5,108,5404,06/11/2020,99.28571428571429
104,6,124,5410,06/12/2020,98.14285714285714
105,4,54,5414,06/13/2020,97.28571428571429
106,7,55,5421,06/14/2020,97.42857142857143
107,4,111,5425,06/15/2020,97.14285714285714
108,5,134,5430,06/16/2020,97.85714285714286
109,7,108,5437,06/17/2020,99.14285714285714
110,4,112,5441,06/18/2020,99.71428571428571
111,3,90,5444,06/19/2020,94.85714285714286
112,4,45,5448,06/20/2020,93.57142857142857
113,6,52,5454,06/21/2020,93.14285714285714
114,7,109,5461,06/22/2020,92.85714285714286
115,9,95,5470,06/23/2020,87.28571428571429
116,11,100,5481,06/24/2020,86.14285714285714
117,6,82,5487,06/25/2020,81.85714285714286
118,4,93,5491,06/26/2020,82.28571428571429
119,11,66,5502,06/27/2020,85.28571428571429
120,1,58,5503,06/28/2020,86.14285714285714
121,5,126,5508,06/29/2020,88.57142857142857
122,5,134,5513,06/30/2020,94.14285714285714
123,5,120,5518,07/01/2020,97.0
124,4,125,5522,07/02/2020,103.14285714285714
125,6,71,5528,07/03/2020,100.0
126,6,23,5534,07/04/2020,93.85714285714286
127,5,53,5539,07/05/2020,93.14285714285714
128,5,134,5544,07/06/2020,94.28571428571429
129,4,110,5548,07/07/2020,90.85714285714286
130,5,109,5553,07/08/2020,89.28571428571429
131,4,85,5557,07/09/2020,83.57142857142857
132,3,70,5560,07/10/2020,83.42857142857143
133,2,62,5562,07/11/2020,89.0
134,4,47,5566,07/12/2020,88.14285714285714
135,2,87,5568,07/13/2020,81.42857142857143
136,3,77,5571,07/14/2020,76.71428571428571
137,2,91,5573,07/15/2020,74.14285714285714
138,2,51,5575,07/16/2020,69.28571428571429
139,0,49,5575,07/17/2020,66.28571428571429
140,2,26,5577,07/18/2020,61.142857142857146
141,0,12,5577,07/19/2020,56.142857142857146
142,0,16,5577,07/20/2020,46.0
