,Deaths,Cases,Total Deaths,Date,7 day average
0,0,0,0,02/29/2020,0.0
1,0,0,0,03/01/2020,0.0
2,0,0,0,03/02/2020,0.0
3,0,0,0,03/03/2020,0.0
4,0,1,0,03/04/2020,0.5
5,0,3,0,03/05/2020,0.5
6,0,1,0,03/06/2020,0.7142857142857143
7,0,2,0,03/07/2020,1.0
8,0,5,0,03/08/2020,1.7142857142857142
9,0,16,0,03/09/2020,4.0
10,0,11,0,03/10/2020,5.571428571428571
11,0,31,0,03/11/2020,9.857142857142858
12,0,96,0,03/12/2020,23.142857142857142
13,0,166,0,03/13/2020,46.714285714285715
14,1,163,1,03/14/2020,69.71428571428571
15,0,433,1,03/15/2020,130.85714285714286
16,1,740,2,03/16/2020,234.28571428571428
17,4,783,6,03/17/2020,344.57142857142856
18,6,966,12,03/18/2020,478.14285714285717
19,6,1204,18,03/19/2020,636.4285714285714
20,11,1137,29,03/20/2020,775.1428571428571
21,12,554,41,03/21/2020,831.0
22,10,755,51,03/22/2020,877.0
23,27,910,78,03/23/2020,901.2857142857143
24,23,1211,101,03/24/2020,962.4285714285714
25,37,1254,138,03/25/2020,1003.5714285714286
26,50,1374,188,03/26/2020,1027.857142857143
27,75,1423,263,03/27/2020,1068.7142857142858
28,77,863,340,03/28/2020,1112.857142857143
29,89,1149,429,03/29/2020,1169.142857142857
30,106,1754,535,03/30/2020,1289.7142857142858
31,126,1514,661,03/31/2020,1333.0
32,135,1589,796,04/01/2020,1380.857142857143
33,170,1613,966,04/02/2020,1415.0
34,142,1441,1108,04/03/2020,1417.5714285714287
35,163,922,1271,04/04/2020,1426.0
36,166,1141,1437,04/05/2020,1424.857142857143
37,169,1462,1606,04/06/2020,1383.142857142857
38,181,1396,1787,04/07/2020,1366.2857142857142
39,173,1310,1960,04/08/2020,1326.4285714285713
40,190,1369,2150,04/09/2020,1291.5714285714287
41,178,1153,2328,04/10/2020,1250.4285714285713
42,159,1129,2487,04/11/2020,1280.0
43,201,702,2688,04/12/2020,1217.2857142857142
44,158,1065,2846,04/13/2020,1160.5714285714287
45,152,1035,2998,04/14/2020,1109.0
46,132,882,3130,04/15/2020,1047.857142857143
47,126,884,3256,04/16/2020,978.5714285714286
48,118,960,3374,04/17/2020,951.0
49,116,575,3490,04/18/2020,871.8571428571429
50,118,635,3608,04/19/2020,862.2857142857143
51,95,983,3703,04/20/2020,850.5714285714286
52,92,896,3795,04/21/2020,830.7142857142857
53,107,854,3902,04/22/2020,826.7142857142857
54,106,786,4008,04/23/2020,812.7142857142857
55,93,629,4101,04/24/2020,765.4285714285714
56,76,405,4177,04/25/2020,741.1428571428571
57,61,332,4238,04/26/2020,697.8571428571429
58,88,608,4326,04/27/2020,644.2857142857143
59,57,711,4383,04/28/2020,617.8571428571429
60,71,681,4454,04/29/2020,593.1428571428571
61,65,600,4519,04/30/2020,566.5714285714286
62,56,497,4575,05/01/2020,547.7142857142857
63,45,263,4620,05/02/2020,527.4285714285714
64,45,247,4665,05/03/2020,515.2857142857143
65,42,462,4707,05/04/2020,494.42857142857144
66,49,433,4756,05/05/2020,454.7142857142857
67,38,450,4794,05/06/2020,421.7142857142857
68,46,403,4840,05/07/2020,393.57142857142856
69,43,344,4883,05/08/2020,371.7142857142857
70,28,119,4911,05/09/2020,351.14285714285717
71,26,188,4937,05/10/2020,342.7142857142857
72,33,410,4970,05/11/2020,335.2857142857143
73,33,400,5003,05/12/2020,330.57142857142856
74,23,362,5026,05/13/2020,318.0
75,14,334,5040,05/14/2020,308.14285714285717
76,27,259,5067,05/15/2020,296.0
77,24,165,5091,05/16/2020,302.57142857142856
78,19,137,5110,05/17/2020,295.2857142857143
79,17,266,5127,05/18/2020,274.7142857142857
80,16,328,5143,05/19/2020,264.42857142857144
81,21,323,5164,05/20/2020,258.85714285714283
82,15,336,5179,05/21/2020,259.14285714285717
83,15,351,5194,05/22/2020,272.2857142857143
84,20,143,5214,05/23/2020,269.14285714285717
85,12,161,5226,05/24/2020,272.57142857142856
86,14,160,5240,05/25/2020,257.42857142857144
87,12,319,5252,05/26/2020,256.14285714285717
88,11,246,5263,05/27/2020,245.14285714285714
89,12,221,5275,05/28/2020,228.71428571428572
90,16,167,5291,05/29/2020,202.42857142857142
91,10,105,5301,05/30/2020,197.0
92,11,84,5312,05/31/2020,186.0
93,10,252,5322,06/01/2020,199.14285714285714
94,6,185,5328,06/02/2020,180.0
95,13,133,5341,06/03/2020,163.85714285714286
96,10,131,5351,06/04/2020,151.0
97,6,132,5357,06/05/2020,146.0
98,10,59,5367,06/06/2020,139.42857142857142
99,6,52,5373,06/07/2020,134.85714285714286
100,13,112,5386,06/08/2020,114.85714285714286
101,6,121,5392,06/09/2020,105.71428571428571
102,11,97,5403,06/10/2020,100.57142857142857
103,4,113,5407,06/11/2020,98.0
104,6,123,5413,06/12/2020,96.71428571428571
105,4,52,5417,06/13/2020,95.71428571428571
106,7,53,5424,06/14/2020,95.85714285714286
107,4,103,5428,06/15/2020,94.57142857142857
108,5,133,5433,06/16/2020,96.28571428571429
109,7,113,5440,06/17/2020,98.57142857142857
110,4,112,5444,06/18/2020,98.42857142857143
111,3,91,5447,06/19/2020,93.85714285714286
112,3,46,5450,06/20/2020,93.0
113,6,54,5456,06/21/2020,93.14285714285714
114,6,109,5462,06/22/2020,94.0
115,8,95,5470,06/23/2020,88.57142857142857
116,10,101,5480,06/24/2020,86.85714285714286
117,5,82,5485,06/25/2020,82.57142857142857
118,3,94,5488,06/26/2020,83.0
119,11,70,5499,06/27/2020,86.42857142857143
120,1,58,5500,06/28/2020,87.0
121,3,127,5503,06/29/2020,89.57142857142857
122,4,128,5507,06/30/2020,94.28571428571429
123,5,120,5512,07/01/2020,97.0
124,3,127,5515,07/02/2020,103.42857142857143
125,4,72,5519,07/03/2020,100.28571428571429
126,6,23,5525,07/04/2020,93.57142857142857
127,4,53,5529,07/05/2020,92.85714285714286
128,4,142,5533,07/06/2020,95.0
129,4,123,5537,07/07/2020,94.28571428571429
130,4,121,5541,07/08/2020,94.42857142857143
131,4,104,5545,07/09/2020,91.14285714285714
132,2,90,5547,07/10/2020,93.71428571428571
133,2,73,5549,07/11/2020,100.85714285714286
134,2,55,5551,07/12/2020,101.14285714285714
135,1,123,5552,07/13/2020,98.42857142857143
136,4,111,5556,07/14/2020,96.71428571428571
137,2,149,5558,07/15/2020,100.71428571428571
138,3,90,5561,07/16/2020,98.71428571428571
139,0,105,5561,07/17/2020,100.85714285714286
140,4,58,5565,07/18/2020,98.71428571428571
141,3,40,5568,07/19/2020,96.57142857142857
142,4,85,5572,07/20/2020,91.14285714285714
143,5,79,5577,07/21/2020,86.57142857142857
144,1,96,5578,07/22/2020,79.0
145,5,84,5583,07/23/2020,78.14285714285714
146,2,68,5585,07/24/2020,72.85714285714286
147,2,35,5587,07/25/2020,69.57142857142857
148,4,40,5591,07/26/2020,69.57142857142857
149,2,79,5593,07/27/2020,68.71428571428571
150,1,106,5594,07/28/2020,72.57142857142857
151,1,72,5595,07/29/2020,69.14285714285714
152,2,98,5597,07/30/2020,71.14285714285714
153,1,79,5598,07/31/2020,72.71428571428571
154,3,58,5601,08/01/2020,76.0
155,2,41,5603,08/02/2020,76.14285714285714
156,0,93,5603,08/03/2020,78.14285714285714
157,1,49,5604,08/04/2020,70.0
158,0,93,5604,08/05/2020,73.0
159,2,87,5606,08/06/2020,71.42857142857143
160,0,91,5606,08/07/2020,73.14285714285714
161,1,58,5607,08/08/2020,73.14285714285714
162,0,48,5607,08/09/2020,74.14285714285714
163,1,74,5608,08/10/2020,71.42857142857143
164,1,82,5609,08/11/2020,76.14285714285714
165,0,114,5609,08/12/2020,79.14285714285714
166,2,87,5611,08/13/2020,79.14285714285714
167,0,80,5611,08/14/2020,77.57142857142857
168,2,33,5613,08/15/2020,74.0
169,1,49,5614,08/16/2020,74.14285714285714
170,1,95,5615,08/17/2020,77.14285714285714
171,0,66,5615,08/18/2020,74.85714285714286
172,1,69,5616,08/19/2020,68.42857142857143
173,3,56,5619,08/20/2020,64.0
174,0,75,5619,08/21/2020,63.285714285714285
175,2,36,5621,08/22/2020,63.714285714285715
176,0,55,5621,08/23/2020,64.57142857142857
177,1,85,5622,08/24/2020,63.142857142857146
178,2,84,5624,08/25/2020,65.71428571428571
179,1,116,5625,08/26/2020,72.42857142857143
180,0,99,5625,08/27/2020,78.57142857142857
181,0,78,5625,08/28/2020,79.0
182,1,38,5626,08/29/2020,79.28571428571429
183,2,60,5628,08/30/2020,80.0
184,0,116,5628,08/31/2020,84.42857142857143
185,0,92,5628,09/01/2020,85.57142857142857
186,3,97,5631,09/02/2020,82.85714285714286
187,2,91,5633,09/03/2020,81.71428571428571
188,1,71,5634,09/04/2020,80.71428571428571
189,3,46,5637,09/05/2020,81.85714285714286
190,2,88,5639,09/06/2020,85.85714285714286
191,0,74,5639,09/07/2020,79.85714285714286
192,1,128,5640,09/08/2020,85.0
193,0,120,5640,09/09/2020,88.28571428571429
194,1,124,5641,09/10/2020,93.0
195,2,111,5643,09/11/2020,98.71428571428571
196,0,50,5643,09/12/2020,99.28571428571429
197,2,117,5645,09/13/2020,103.42857142857143
198,2,167,5647,09/14/2020,116.71428571428571
199,0,150,5647,09/15/2020,119.85714285714286
200,0,166,5647,09/16/2020,126.42857142857143
201,1,123,5648,09/17/2020,126.28571428571429
202,2,108,5650,09/18/2020,125.85714285714286
203,2,36,5652,09/19/2020,123.85714285714286
204,3,61,5655,09/20/2020,115.85714285714286
205,1,249,5656,09/21/2020,127.57142857142857
206,3,174,5659,09/22/2020,131.0
207,1,238,5660,09/23/2020,141.28571428571428
208,1,233,5661,09/24/2020,157.0
209,0,187,5661,09/25/2020,168.28571428571428
210,1,107,5662,09/26/2020,178.42857142857142
211,2,183,5664,09/27/2020,195.85714285714286
212,1,139,5665,09/28/2020,180.14285714285714
213,2,335,5667,09/29/2020,203.14285714285714
214,4,275,5671,09/30/2020,208.42857142857142
215,1,294,5672,10/01/2020,217.14285714285714
216,1,263,5673,10/02/2020,228.0
217,1,81,5674,10/03/2020,224.28571428571428
218,3,164,5677,10/04/2020,221.57142857142858
219,0,432,5677,10/05/2020,263.42857142857144
220,2,248,5679,10/06/2020,251.0
221,1,222,5680,10/07/2020,243.42857142857142
222,3,216,5683,10/08/2020,232.28571428571428
223,0,183,5683,10/09/2020,220.85714285714286
224,0,95,5683,10/10/2020,222.85714285714286
225,2,113,5685,10/11/2020,215.57142857142858
226,1,223,5686,10/12/2020,185.71428571428572
227,3,223,5689,10/13/2020,182.14285714285714
228,3,209,5692,10/14/2020,180.28571428571428
229,2,237,5694,10/15/2020,183.28571428571428
230,3,163,5697,10/16/2020,180.42857142857142
231,3,89,5700,10/17/2020,179.57142857142858
232,1,175,5701,10/18/2020,188.42857142857142
233,6,204,5707,10/19/2020,185.71428571428572
234,2,217,5709,10/20/2020,184.85714285714286
235,3,201,5712,10/21/2020,183.71428571428572
236,2,244,5714,10/22/2020,184.71428571428572
237,0,198,5714,10/23/2020,189.71428571428572
238,0,118,5714,10/24/2020,193.85714285714286
239,3,128,5717,10/25/2020,187.14285714285714
240,2,218,5719,10/26/2020,189.14285714285714
241,3,234,5722,10/27/2020,191.57142857142858
242,3,225,5725,10/28/2020,195.0
243,2,190,5727,10/29/2020,187.28571428571428
244,4,192,5731,10/30/2020,186.42857142857142
245,2,117,5733,10/31/2020,186.28571428571428
246,9,232,5742,11/01/2020,201.14285714285714
247,7,340,5749,11/02/2020,218.57142857142858
248,6,312,5755,11/03/2020,229.71428571428572
249,6,311,5761,11/04/2020,242.0
250,4,312,5765,11/05/2020,259.42857142857144
251,2,234,5767,11/06/2020,265.42857142857144
252,5,221,5772,11/07/2020,280.2857142857143
253,2,223,5774,11/08/2020,279.0
254,1,415,5775,11/09/2020,289.7142857142857
255,2,452,5777,11/10/2020,309.7142857142857
256,2,381,5779,11/11/2020,319.7142857142857
257,6,385,5785,11/12/2020,330.14285714285717
258,1,355,5786,11/13/2020,347.42857142857144
259,5,237,5791,11/14/2020,349.7142857142857
260,6,229,5797,11/15/2020,350.57142857142856
261,1,491,5798,11/16/2020,361.42857142857144
262,3,481,5801,11/17/2020,365.57142857142856
263,3,453,5804,11/18/2020,375.85714285714283
264,6,485,5810,11/19/2020,390.14285714285717
265,2,429,5812,11/20/2020,400.7142857142857
266,3,354,5815,11/21/2020,417.42857142857144
267,2,340,5817,11/22/2020,433.2857142857143
268,6,568,5823,11/23/2020,444.2857142857143
269,2,549,5825,11/24/2020,454.0
270,4,617,5829,11/25/2020,477.42857142857144
271,3,236,5832,11/26/2020,441.85714285714283
272,3,594,5835,11/27/2020,465.42857142857144
273,3,435,5838,11/28/2020,477.0
274,3,493,5841,11/29/2020,498.85714285714283
275,4,844,5845,11/30/2020,538.2857142857143
276,3,862,5848,12/01/2020,583.0
277,10,780,5858,12/02/2020,606.2857142857143
278,3,804,5861,12/03/2020,687.4285714285714
279,5,739,5866,12/04/2020,708.1428571428571
280,6,480,5872,12/05/2020,714.5714285714286
281,4,532,5876,12/06/2020,720.1428571428571
282,7,932,5883,12/07/2020,732.7142857142857
283,6,879,5889,12/08/2020,735.1428571428571
284,8,856,5897,12/09/2020,746.0
285,2,867,5899,12/10/2020,755.0
286,7,762,5906,12/11/2020,758.2857142857143
287,6,469,5912,12/12/2020,756.7142857142857
288,4,424,5916,12/13/2020,741.2857142857143
289,4,535,5920,12/14/2020,684.5714285714286
