,Deaths,Cases,Total Deaths,Date,7 day average
0,0,0,0,02/29/2020,0.0
1,0,0,0,03/01/2020,0.0
2,0,0,0,03/02/2020,0.0
3,0,0,0,03/03/2020,0.0
4,0,1,0,03/04/2020,0.5
5,0,3,0,03/05/2020,0.5
6,0,1,0,03/06/2020,0.7142857142857143
7,0,2,0,03/07/2020,1.0
8,0,5,0,03/08/2020,1.7142857142857142
9,0,16,0,03/09/2020,4.0
10,0,11,0,03/10/2020,5.571428571428571
11,0,31,0,03/11/2020,9.857142857142858
12,0,96,0,03/12/2020,23.142857142857142
13,0,166,0,03/13/2020,46.714285714285715
14,1,164,1,03/14/2020,69.85714285714286
15,0,433,1,03/15/2020,131.0
16,1,741,2,03/16/2020,234.57142857142858
17,4,785,6,03/17/2020,345.14285714285717
18,6,970,12,03/18/2020,479.2857142857143
19,6,1205,18,03/19/2020,637.7142857142857
20,11,1139,29,03/20/2020,776.7142857142857
21,12,555,41,03/21/2020,832.5714285714286
22,10,756,51,03/22/2020,878.7142857142857
23,27,908,78,03/23/2020,902.5714285714286
24,23,1212,101,03/24/2020,963.5714285714286
25,36,1245,137,03/25/2020,1002.8571428571429
26,50,1378,187,03/26/2020,1027.5714285714287
27,75,1431,262,03/27/2020,1069.2857142857142
28,78,863,340,03/28/2020,1113.2857142857142
29,90,1146,430,03/29/2020,1169.0
30,106,1759,536,03/30/2020,1290.5714285714287
31,126,1521,662,03/31/2020,1334.7142857142858
32,137,1608,799,04/01/2020,1386.5714285714287
33,168,1642,967,04/02/2020,1424.2857142857142
34,141,1448,1108,04/03/2020,1426.7142857142858
35,163,921,1271,04/04/2020,1435.0
36,167,1150,1438,04/05/2020,1435.5714285714287
37,168,1500,1606,04/06/2020,1398.5714285714287
38,179,1418,1785,04/07/2020,1383.857142857143
39,172,1323,1957,04/08/2020,1343.142857142857
40,189,1369,2146,04/09/2020,1304.142857142857
41,177,1153,2323,04/10/2020,1262.0
42,159,1131,2482,04/11/2020,1292.0
43,200,701,2682,04/12/2020,1227.857142857143
44,158,1065,2840,04/13/2020,1165.7142857142858
45,153,1037,2993,04/14/2020,1111.2857142857142
46,131,883,3124,04/15/2020,1048.4285714285713
47,126,883,3250,04/16/2020,979.0
48,117,959,3367,04/17/2020,951.2857142857143
49,117,575,3484,04/18/2020,871.8571428571429
50,118,636,3602,04/19/2020,862.5714285714286
51,95,982,3697,04/20/2020,850.7142857142857
52,91,899,3788,04/21/2020,831.0
53,108,853,3896,04/22/2020,826.7142857142857
54,106,791,4002,04/23/2020,813.5714285714286
55,93,629,4095,04/24/2020,766.4285714285714
56,76,404,4171,04/25/2020,742.0
57,61,332,4232,04/26/2020,698.5714285714286
58,88,609,4320,04/27/2020,645.2857142857143
59,57,715,4377,04/28/2020,619.0
60,72,682,4449,04/29/2020,594.5714285714286
61,66,600,4515,04/30/2020,567.2857142857143
62,55,498,4570,05/01/2020,548.5714285714286
63,46,264,4616,05/02/2020,528.5714285714286
64,46,248,4662,05/03/2020,516.5714285714286
65,42,463,4704,05/04/2020,495.7142857142857
66,49,434,4753,05/05/2020,455.57142857142856
67,38,452,4791,05/06/2020,422.7142857142857
68,45,401,4836,05/07/2020,394.2857142857143
69,43,349,4879,05/08/2020,373.0
70,28,122,4907,05/09/2020,352.7142857142857
71,26,191,4933,05/10/2020,344.57142857142856
72,32,410,4965,05/11/2020,337.0
73,33,400,4998,05/12/2020,332.14285714285717
74,23,364,5021,05/13/2020,319.57142857142856
75,14,333,5035,05/14/2020,309.85714285714283
76,26,260,5061,05/15/2020,297.14285714285717
77,24,165,5085,05/16/2020,303.2857142857143
78,19,138,5104,05/17/2020,295.7142857142857
79,15,269,5119,05/18/2020,275.57142857142856
80,16,330,5135,05/19/2020,265.57142857142856
81,21,326,5156,05/20/2020,260.14285714285717
82,15,345,5171,05/21/2020,261.85714285714283
83,14,387,5185,05/22/2020,280.0
84,20,163,5205,05/23/2020,279.7142857142857
85,12,178,5217,05/24/2020,285.42857142857144
86,14,174,5231,05/25/2020,271.85714285714283
87,11,339,5242,05/26/2020,273.14285714285717
88,11,260,5253,05/27/2020,263.7142857142857
89,12,226,5265,05/28/2020,246.71428571428572
90,16,172,5281,05/29/2020,216.0
91,11,111,5292,05/30/2020,208.57142857142858
92,11,81,5303,05/31/2020,194.71428571428572
93,10,253,5313,06/01/2020,206.0
94,6,199,5319,06/02/2020,186.0
95,13,145,5332,06/03/2020,169.57142857142858
96,10,143,5342,06/04/2020,157.71428571428572
97,6,132,5348,06/05/2020,152.0
98,10,60,5358,06/06/2020,144.71428571428572
99,5,54,5363,06/07/2020,140.85714285714286
100,13,113,5376,06/08/2020,120.85714285714286
101,7,129,5383,06/09/2020,110.85714285714286
102,11,99,5394,06/10/2020,104.28571428571429
103,5,108,5399,06/11/2020,99.28571428571429
104,6,124,5405,06/12/2020,98.14285714285714
105,4,54,5409,06/13/2020,97.28571428571429
106,6,55,5415,06/14/2020,97.42857142857143
107,4,111,5419,06/15/2020,97.14285714285714
108,5,134,5424,06/16/2020,97.85714285714286
109,7,108,5431,06/17/2020,99.14285714285714
110,4,112,5435,06/18/2020,99.71428571428571
111,3,90,5438,06/19/2020,94.85714285714286
112,4,45,5442,06/20/2020,93.57142857142857
113,6,52,5448,06/21/2020,93.14285714285714
114,7,109,5455,06/22/2020,92.85714285714286
115,9,95,5464,06/23/2020,87.28571428571429
116,11,100,5475,06/24/2020,86.14285714285714
117,6,82,5481,06/25/2020,81.85714285714286
118,4,93,5485,06/26/2020,82.28571428571429
119,11,66,5496,06/27/2020,85.28571428571429
120,1,58,5497,06/28/2020,86.14285714285714
121,5,126,5502,06/29/2020,88.57142857142857
122,5,135,5507,06/30/2020,94.28571428571429
123,5,120,5512,07/01/2020,97.14285714285714
124,4,125,5516,07/02/2020,103.28571428571429
125,6,69,5522,07/03/2020,99.85714285714286
126,6,22,5528,07/04/2020,93.57142857142857
127,5,53,5533,07/05/2020,92.85714285714286
128,5,119,5538,07/06/2020,91.85714285714286
129,4,88,5542,07/07/2020,85.14285714285714
130,5,93,5547,07/08/2020,81.28571428571429
131,3,74,5550,07/09/2020,74.0
132,2,65,5552,07/10/2020,73.42857142857143
133,2,54,5554,07/11/2020,78.0
134,4,36,5558,07/12/2020,75.57142857142857
135,2,81,5560,07/13/2020,70.14285714285714
136,3,70,5563,07/14/2020,67.57142857142857
137,0,75,5563,07/15/2020,65.0
138,1,17,5564,07/16/2020,56.857142857142854
139,0,4,5564,07/17/2020,48.142857142857146
